# Temp,E,E^2,E^4,M,M^2,M^4
1.500000,-1.9514025000,3.8079719351,14.5006535820,0.9865943670,0.9733684532,0.9474461777
1.510000,-1.9488150000,3.7978809339,14.4239152285,0.9858187556,0.9718386979,0.9444707617
1.520000,-1.9462962500,3.7880703426,14.3494958574,0.9850056171,0.9702361779,0.9413586762
1.530000,-1.9446637500,3.7817176022,14.3013956094,0.9845931292,0.9694236798,0.9397824641
1.540000,-1.9431287500,3.7757493885,14.2562841910,0.9841756225,0.9686016649,0.9381892201
1.550000,-1.9404100000,3.7651914940,14.1766749059,0.9833081245,0.9668949095,0.9348859271
1.560000,-1.9379825000,3.7557767746,14.1058682606,0.9826818705,0.9656636933,0.9325065028
1.570000,-1.9360250000,3.7481931706,14.0489575897,0.9819837570,0.9642921435,0.9298595094
1.580000,-1.9328925000,3.7360740180,13.9582580559,0.9809837461,0.9623291771,0.9260777035
1.590000,-1.9304975000,3.7268209413,13.8891994546,0.9802612543,0.9609121658,0.9233523406
1.600000,-1.9280625000,3.7174254982,13.8192596842,0.9796112418,0.9596382122,0.9209056025
1.610000,-1.9253537500,3.7069880376,13.7417747687,0.9787631154,0.9579773215,0.9177208760
1.620000,-1.9232787500,3.6990016587,13.6826207927,0.9780956268,0.9566711145,0.9152198479
1.630000,-1.9202525000,3.6873705610,13.5967148860,0.9771281242,0.9547794206,0.9116039307
1.640000,-1.9162287500,3.6719330990,13.4830996852,0.9759256244,0.9524308614,0.9071246871
1.650000,-1.9148600000,3.6666895268,13.4446224581,0.9754812360,0.9515636765,0.9054735625
1.660000,-1.9125662500,3.6579113569,13.3803403002,0.9747631192,0.9501632472,0.9028106089
1.670000,-1.9072850000,3.6377373827,13.2331523527,0.9730393767,0.9468058745,0.8964422949
1.680000,-1.9049412500,3.6288027191,13.1682317131,0.9722300053,0.9452314022,0.8934632321
1.690000,-1.9009012500,3.6134267927,13.0568709666,0.9709249973,0.9426955618,0.8886757193
1.700000,-1.8983675000,3.6037993602,12.9873726415,0.9700925112,0.9410794919,0.8856306541
1.710000,-1.8953012500,3.5921684841,12.9036982115,0.9690649867,0.9390871813,0.8818856086
1.720000,-1.8908750000,3.5754104172,12.7835904165,0.9676424861,0.9363321832,0.8767187149
1.730000,-1.8870337500,3.5608972264,12.6800012066,0.9663043737,0.9337442759,0.8718788702
1.740000,-1.8847762500,3.5523820365,12.6194255775,0.9655887604,0.9323617058,0.8692985432
1.750000,-1.8802800000,3.5354540371,12.4994516363,0.9641512513,0.9295878812,0.8641345428
1.760000,-1.8760387500,3.5195223374,12.3870508000,0.9626650095,0.9267240084,0.8588177137
1.770000,-1.8721412500,3.5049139578,12.2844372419,0.9613649964,0.9242228565,0.8541886285
1.780000,-1.8694050000,3.4946758853,12.2127711570,0.9604499817,0.9224642356,0.8509405179
1.790000,-1.8640287500,3.4746036635,12.0728773245,0.9584681153,0.9186611711,0.8439385054
1.800000,-1.8587975000,3.4551316666,11.9379834701,0.9567256212,0.9153241977,0.8378194245
1.810000,-1.8541137500,3.4377387512,11.8180608197,0.9550118685,0.9120477695,0.8318315008
1.820000,-1.8508675000,3.4257107505,11.7354975438,0.9539081097,0.9099407399,0.8279923622
1.830000,-1.8459587500,3.4075649202,11.6115152238,0.9521775007,0.9066421242,0.8220004175
1.840000,-1.8403062500,3.3867297680,11.4699747440,0.9498349905,0.9021869018,0.8139426227
1.850000,-1.8360737500,3.3711679319,11.3647882804,0.9484575152,0.8995718005,0.8092299361
1.860000,-1.8310087500,3.3525951754,11.2399230074,0.9464818597,0.8958283421,0.8025099643
1.870000,-1.8246125000,3.3292124674,11.0836782093,0.9439906240,0.8911187304,0.7940941325
1.880000,-1.8209025000,3.3156874602,10.9938038344,0.9425825000,0.8884619736,0.7893654049
1.890000,-1.8147800000,3.2934299037,10.8467260330,0.9404868841,0.8845158556,0.7823692767
1.900000,-1.8100775000,3.2763863649,10.7347838021,0.9385631084,0.8809017240,0.7759914262
1.910000,-1.8048687500,3.2575538763,10.6116920710,0.9365381122,0.8771044051,0.7693148378
1.920000,-1.7984025000,3.2342553229,10.4604562916,0.9340506077,0.8724508737,0.7611717006
1.930000,-1.7919762500,3.2111799436,10.3116902821,0.9312449932,0.8672174773,0.7520669851
1.940000,-1.7867687500,3.1925426817,10.1923302524,0.9288656354,0.8627915465,0.7444098669
1.950000,-1.7816387500,3.1742382029,10.0758080675,0.9271749973,0.8596537883,0.7390057106
1.960000,-1.7730850000,3.1438314728,9.8836896064,0.9236318827,0.8530962127,0.7277743704
1.970000,-1.7662850000,3.1197654160,9.7329701195,0.9207343698,0.8477521986,0.7186852105
1.980000,-1.7605862500,3.0996653484,9.6079426995,0.9180299997,0.8427795849,0.7102791298
1.990000,-1.7528762500,3.0725768994,9.4407503359,0.9144099951,0.8361461368,0.6991420266
2.000000,-1.7450500000,3.0452115687,9.2734604914,0.9112468600,0.8303737705,0.6895303330
2.010000,-1.7402150000,3.0283526556,9.1709732699,0.9089443684,0.8261801753,0.6825747079
2.020000,-1.7311375000,2.9968401304,8.9810877618,0.9041499972,0.8174876510,0.6682874778
2.030000,-1.7218275000,2.9646916360,8.7894166036,0.9000106096,0.8100193707,0.6561322663
2.040000,-1.7146987500,2.9401950081,8.6447843526,0.8967412472,0.8041462986,0.6466558802
2.050000,-1.7083562500,2.9184835882,8.5175758064,0.8935137510,0.7983679417,0.6373949466
2.060000,-1.6986050000,2.8852605265,8.3247465371,0.8881531239,0.7888164926,0.6222331028
2.070000,-1.6916962500,2.8618476641,8.1903030112,0.8851487637,0.7834918982,0.6138707076
2.080000,-1.6801600000,2.8229395268,7.9690090449,0.8797000051,0.7738721380,0.5988782070
2.090000,-1.6724875000,2.7972197914,7.8244984185,0.8748037457,0.7652845502,0.5856694889
2.100000,-1.6642375000,2.7696876560,7.6711830030,0.8708837509,0.7584391586,0.5752319331
2.110000,-1.6523662500,2.7303171084,7.4546630367,0.8636743784,0.7459337688,0.5564181931
2.120000,-1.6406912500,2.6918764216,7.2462919349,0.8570931315,0.7346107657,0.5396592493
2.130000,-1.6353925000,2.6745105476,7.1530271905,0.8537600040,0.7289068389,0.5313072036
2.140000,-1.6229275000,2.6339003878,6.9375020205,0.8453543782,0.7146269591,0.5107000858
2.150000,-1.6104825000,2.5936617175,6.7271624896,0.8362056255,0.6992427701,0.4889486298
2.160000,-1.5973525000,2.5515381745,6.5103794031,0.8287918687,0.6868998106,0.4718419598
2.170000,-1.5888787500,2.5245372528,6.3733042067,0.8212143660,0.6743932957,0.4548070208
2.180000,-1.5768775000,2.4865478686,6.1829721992,0.8142956376,0.6630805946,0.4396843884
2.190000,-1.5592175000,2.4311704917,5.9106996726,0.7971500158,0.6354633403,0.4038522950
2.200000,-1.5495750000,2.4011873701,5.7657458058,0.7875031233,0.6201661619,0.3846184509
2.210000,-1.5330325000,2.3501999278,5.5235456233,0.7715150118,0.5952413732,0.3543264569
2.220000,-1.5172087500,2.3019380783,5.2990634357,0.7572712541,0.5734798148,0.3289252407
2.230000,-1.5028600000,2.2585897694,5.1012420944,0.7391799927,0.5463909069,0.2985514206
2.240000,-1.4884900000,2.2156142720,4.9090509211,0.7263150096,0.5275376969,0.2783049085
2.250000,-1.4705987500,2.1626706736,4.6772307310,0.7049274921,0.4969503039,0.2470144791
2.260000,-1.4576250000,2.1246717349,4.5142392809,0.6898187637,0.4758531626,0.2264423993
2.270000,-1.4407025000,2.0756626642,4.3086988260,0.6695537448,0.4483993964,0.2012370253
2.280000,-1.4202600000,2.0171476888,4.0689590236,0.6388074994,0.4081232467,0.1666432577
2.290000,-1.4022312500,1.9662653571,3.8663009039,0.6098618746,0.3719506991,0.1383760303
2.300000,-1.3822887500,1.9107327463,3.6509801092,0.5808337569,0.3373884581,0.1138584684
2.310000,-1.3634725000,1.8590683668,3.4562176610,0.5385481358,0.2902029730,0.0844131995
2.320000,-1.3378875000,1.7899460591,3.2039290589,0.4831456244,0.2335417119,0.0546480252
2.330000,-1.3197800000,1.7418273460,3.0340190468,0.4319887519,0.1867689200,0.0349989955
2.340000,-1.3000500000,1.6901612438,2.8568565419,0.3764293730,0.1419883145,0.0203236053
2.350000,-1.2873712500,1.6573249218,2.7467271334,0.3281750023,0.1077488543,0.0116309078
2.360000,-1.2675550000,1.6067153879,2.5816611788,0.2940524995,0.0865555611,0.0075223251
2.370000,-1.2487912500,1.5594969065,2.4321386054,0.2399318784,0.0577359177,0.0033715159
2.380000,-1.2335287500,1.5216063415,2.3153660841,0.1973431230,0.0390085349,0.0015314493
2.390000,-1.2210512500,1.4909704361,2.2230183972,0.1586362511,0.0252065210,0.0006396210
2.400000,-1.2080925000,1.4594976976,2.1301930414,0.1162006274,0.0135616537,0.0001872512
2.410000,-1.1941700000,1.4260498649,2.0336632405,0.0846118748,0.0071717627,0.0000518019
2.420000,-1.1831662500,1.3998831996,1.9596775897,0.0490962498,0.0025201712,0.0000073846
2.430000,-1.1785150000,1.3889155771,1.9291859757,0.0202693749,0.0004186592,0.0000001879
2.440000,-1.1651337500,1.3575404806,1.8429369122,0.0070393750,0.0000681526,0.0000000110
2.450000,-1.1518275000,1.3267081547,1.7601628368,0.0207468748,0.0004389241,0.0000002101
2.460000,-1.1426600000,1.3056818625,1.7048571660,0.0280362505,0.0008058162,0.0000007166
2.470000,-1.1335037500,1.2848382265,1.6508477314,0.0048168750,0.0000251316,0.0000000008
2.480000,-1.1228375000,1.2607692050,1.5895650123,0.0025368750,0.0000090725,0.0000000002
2.490000,-1.1154000000,1.2441211027,1.5478569702,0.0083899998,0.0000963627,0.0000000159
2.500000,-1.1074725000,1.2265044880,1.5043581731,0.0038924999,0.0000209987,0.0000000010
2.510000,-1.0983237500,1.2063300548,1.4553048218,0.0036668749,0.0000220698,0.0000000011
2.520000,-1.0885300000,1.1849102307,1.4040722933,0.0144781251,0.0002321669,0.0000000819
2.530000,-1.0810850000,1.1687534189,1.3660248949,0.0039600000,0.0000213181,0.0000000010
2.540000,-1.0738675000,1.1531975200,1.3298926914,0.0064312501,0.0000448524,0.0000000028
2.550000,-1.0648937500,1.1339993803,1.2859576840,0.0058843751,0.0000437929,0.0000000030
2.560000,-1.0569000000,1.1170441907,1.2478170732,0.0139581247,0.0002304708,0.0000000759
2.570000,-1.0518900000,1.1064790146,1.2243243412,0.0062725001,0.0000649415,0.0000000108
2.580000,-1.0421112500,1.0859999307,1.1794135225,0.0091668750,0.0001030214,0.0000000155
2.590000,-1.0363012500,1.0739234517,1.1533252044,0.0077206251,0.0000721153,0.0000000071
2.600000,-1.0301725000,1.0612561242,1.1262677209,0.0092918749,0.0001170955,0.0000000233
2.610000,-1.0216750000,1.0438254838,1.0895953067,0.0019356250,0.0000102011,0.0000000005
2.620000,-1.0156662500,1.0315832288,1.0641858019,0.0051000000,0.0000389142,0.0000000041
2.630000,-1.0092475000,1.0185842596,1.0375291519,0.0072637500,0.0000603585,0.0000000055
2.640000,-1.0034237500,1.0068659660,1.0138061962,0.0051968749,0.0000352114,0.0000000026
2.650000,-0.9945650000,0.9891605972,0.9784428743,0.0027512500,0.0000080368,0.0000000001
2.660000,-0.9901550000,0.9804183530,0.9612648997,0.0106893749,0.0001222821,0.0000000174
2.670000,-0.9801337500,0.9606747588,0.9229444569,0.0055531250,0.0000317519,0.0000000011
2.680000,-0.9733262500,0.9473694554,0.8975295757,0.0038793749,0.0000295854,0.0000000027
2.690000,-0.9683112500,0.9376309864,0.8791680475,0.0035043750,0.0000167171,0.0000000005
2.700000,-0.9649025000,0.9310451785,0.8668761926,0.0049168751,0.0000343527,0.0000000019
2.710000,-0.9575850000,0.9169745071,0.8408623253,0.0024993750,0.0000104606,0.0000000003
2.720000,-0.9534687500,0.9091038232,0.8264740031,0.0051775001,0.0000372752,0.0000000026
2.730000,-0.9451925000,0.8933927531,0.7981645434,0.0016962500,0.0000042998,0.0000000000
2.740000,-0.9391512500,0.8820134170,0.7779771617,0.0041012499,0.0000370641,0.0000000057
2.750000,-0.9341700000,0.8726760961,0.7615723309,0.0025587500,0.0000117882,0.0000000004
2.760000,-0.9293750000,0.8637443587,0.7460766884,0.0049806249,0.0000315144,0.0000000015
2.770000,-0.9224912500,0.8509940817,0.7242044622,0.0043193749,0.0000278523,0.0000000015
2.780000,-0.9212550000,0.8487194551,0.7203541252,0.0018843750,0.0000063647,0.0000000001
2.790000,-0.9156237500,0.8383718034,0.7028838761,0.0029506250,0.0000128344,0.0000000004
2.800000,-0.9060975000,0.8210164476,0.6740803610,0.0039575000,0.0000211191,0.0000000009
2.810000,-0.9030700000,0.8155426790,0.6651334809,0.0038887500,0.0000202845,0.0000000009
2.820000,-0.9006525000,0.8111787741,0.6580234688,0.0057725000,0.0000437752,0.0000000036
2.830000,-0.8921150000,0.7958753510,0.6334372521,0.0044681249,0.0000329312,0.0000000020
2.840000,-0.8865737500,0.7860203647,0.6178511784,0.0049481250,0.0000405825,0.0000000053
2.850000,-0.8835112500,0.7805948844,0.6093369703,0.0007518750,0.0000008799,0.0000000000
2.860000,-0.8782500000,0.7713242843,0.5949449170,0.0048843751,0.0000288305,0.0000000012
2.870000,-0.8737337500,0.7634140035,0.5828111201,0.0034762499,0.0000242059,0.0000000020
2.880000,-0.8670600000,0.7517994119,0.5652215154,0.0034850000,0.0000143755,0.0000000003
2.890000,-0.8642212500,0.7468833856,0.5578497880,0.0058218749,0.0000365594,0.0000000017
2.900000,-0.8596812500,0.7390546701,0.5462101343,0.0026381250,0.0000123678,0.0000000004
2.910000,-0.8559212500,0.7326047804,0.5367202739,0.0057868750,0.0000426057,0.0000000033
2.920000,-0.8518487500,0.7256552162,0.5266013557,0.0033450000,0.0000145610,0.0000000004
2.930000,-0.8476512500,0.7185154376,0.5162724853,0.0031987500,0.0000173850,0.0000000008
2.940000,-0.8422512500,0.7093935514,0.5032574020,0.0030843750,0.0000147374,0.0000000004
2.950000,-0.8365312500,0.6997871141,0.4897092413,0.0040812499,0.0000257075,0.0000000012
2.960000,-0.8335300000,0.6947750714,0.4827202212,0.0027737500,0.0000124792,0.0000000005
2.970000,-0.8300575000,0.6889990167,0.4747294914,0.0056175000,0.0000391750,0.0000000025
2.980000,-0.8278637500,0.6853625593,0.4697332469,0.0022381250,0.0000086401,0.0000000002
2.990000,-0.8228587500,0.6770983880,0.4584672850,0.0016918750,0.0000034424,0.0000000000
3.000000,-0.8167700000,0.6671236713,0.4450818997,0.0032331250,0.0000143985,0.0000000004
