# Temp,E,E^2,E^4,M,M^2,M^4
1.500000,-1.9532236755,3.8150833495,14.5548704695,0.9870920897,0.9743508376,0.9493597268
1.510000,-1.9482560444,3.7957059895,14.4074503822,0.9856420875,0.9714906250,0.9437952018
1.520000,-1.9463073061,3.7881172807,14.3499106065,0.9850211382,0.9702670372,0.9414196548
1.530000,-1.9458713172,3.7864163393,14.3369661925,0.9849914193,0.9702082209,0.9413044758
1.540000,-1.9422446823,3.7723169929,14.2304145345,0.9839509845,0.9681597857,0.9373343224
1.550000,-1.9395692958,3.7619337297,14.1522158413,0.9829766035,0.9662433585,0.9336276026
1.560000,-1.9385123530,3.7578328984,14.1213495237,0.9827982426,0.9658926627,0.9329497065
1.570000,-1.9365702206,3.7503059190,14.0648199880,0.9822268486,0.9647697525,0.9307813327
1.580000,-1.9341854935,3.7410831132,13.9958463378,0.9815001965,0.9633436811,0.9280350765
1.590000,-1.9295877923,3.7233112626,13.8630797445,0.9799114704,0.9602267705,0.9220365289
1.600000,-1.9278240190,3.7165061576,13.8124285644,0.9795910835,0.9595988069,0.9208303156
1.610000,-1.9254723213,3.7074470886,13.7452147785,0.9788082957,0.9580661478,0.9178925378
1.620000,-1.9220372572,3.6942346146,13.6474787426,0.9776753783,0.9558497021,0.9136507825
1.630000,-1.9209604968,3.6900924772,13.6168304210,0.9773120761,0.9551392294,0.9122922293
1.640000,-1.9177368212,3.6777157530,13.5256113654,0.9763211966,0.9532033951,0.9085979182
1.650000,-1.9154445766,3.6689345820,13.4611786197,0.9757398605,0.9520691887,0.9064392180
1.660000,-1.9118641829,3.6552291547,13.3607659524,0.9744880438,0.9496273674,0.9017937318
1.670000,-1.9069560048,3.6364856320,13.2240921541,0.9726879358,0.9461221997,0.8951486518
1.680000,-1.9040560180,3.6254362830,13.1438892111,0.9717432857,0.9442861310,0.8916805174
1.690000,-1.9018166204,3.6169183419,13.0822700166,0.9714031100,0.9436253027,0.8904336162
1.700000,-1.8983947681,3.6039154420,12.9883905193,0.9700918198,0.9410795832,0.8856362280
1.710000,-1.8954287224,3.5926590512,12.9073283013,0.9691736102,0.9392986430,0.8822862796
1.720000,-1.8886973180,3.5671905371,12.7250335633,0.9670465112,0.9351809456,0.8745708486
1.730000,-1.8870128154,3.5608192941,12.6794615063,0.9663561940,0.9338444536,0.8720660608
1.740000,-1.8819989431,3.5419240497,12.5452829688,0.9648929834,0.9310187941,0.8667972031
1.750000,-1.8801162637,3.5348468180,12.4952784645,0.9641233921,0.9295351921,0.8640404203
1.760000,-1.8748183380,3.5149551405,12.3550689063,0.9625743270,0.9265506392,0.8585009168
1.770000,-1.8712973973,3.5017567670,12.2623398879,0.9605562091,0.9226684617,0.8513179422
1.780000,-1.8678491214,3.4888657362,12.1722593280,0.9599022150,0.9214126871,0.8490029050
1.790000,-1.8647707755,3.4773747143,12.0921998643,0.9589146495,0.9195187664,0.8455201390
1.800000,-1.8610120227,3.4633724929,11.9950423917,0.9576628447,0.9171190756,0.8411108905
1.810000,-1.8568899458,3.4480596651,11.8893833463,0.9561764956,0.9142749037,0.8359037705
1.820000,-1.8478530850,3.4145741200,11.6594956349,0.9526225448,0.9074913885,0.8235467104
1.830000,-1.8461421588,3.4082511404,11.6163155933,0.9518595576,0.9060388818,0.8209146522
1.840000,-1.8406790857,3.3881170839,11.4795760916,0.9502444148,0.9029674047,0.8153608128
1.850000,-1.8331747919,3.3605592450,11.2937528545,0.9475756526,0.8979046967,0.8062510601
1.860000,-1.8293499802,3.3465272222,11.1993230329,0.9465451121,0.8959487158,0.8027279240
1.870000,-1.8255912274,3.3327952136,11.1076823809,0.9444477558,0.8919826342,0.7956368414
1.880000,-1.8203791782,3.3137919826,10.9813714771,0.9421654105,0.8876782792,0.7879820313
1.890000,-1.8142224865,3.2914182887,10.8336326928,0.9403752089,0.8843093897,0.7820167403
1.900000,-1.8084819659,3.2706113353,10.6969549491,0.9379574656,0.8797657019,0.7739929478
1.910000,-1.8045382481,3.2563785575,10.6042655381,0.9362399220,0.8765471212,0.7683416218
1.920000,-1.7954683578,3.2237226147,10.3925936726,0.9330459833,0.8705780212,0.7579172762
1.930000,-1.7927070947,3.2138087271,10.3286951718,0.9313185215,0.8673558599,0.7523119892
1.940000,-1.7853811600,3.1875916429,10.1608138942,0.9283690095,0.8618703230,0.7428249567
1.950000,-1.7788281147,3.1642366258,10.0124841970,0.9261064887,0.8576741463,0.7356080928
1.960000,-1.7711784912,3.1370872622,9.8414924348,0.9230116129,0.8519520359,0.7258277257
1.970000,-1.7660919540,3.1191104469,9.7292194873,0.9201512694,0.8466828683,0.7168871338
1.980000,-1.7598692033,3.0971571078,9.5925989826,0.9170993567,0.8410762397,0.7074261050
1.990000,-1.7572070287,3.0877832694,9.5344884715,0.9172909260,0.8414231117,0.7079944305
2.000000,-1.7460694940,3.0487682101,9.2951038909,0.9105859399,0.8291689839,0.6875286108
2.010000,-1.7403752147,3.0289193622,9.1745160765,0.9086306095,0.8256108664,0.6816375341
2.020000,-1.7340797992,3.0070416568,9.0424066756,0.9054168344,0.8197822543,0.6720515044
2.030000,-1.7195666535,2.9569443203,8.7439318021,0.8996465802,0.8093723990,0.6551110529
2.040000,-1.7148170168,2.9406007042,8.6471713576,0.8974137902,0.8053556676,0.6486111614
2.050000,-1.7079270709,2.9170255222,8.5091620167,0.8944675684,0.8000751648,0.6401296510
2.060000,-1.6998348527,2.8894556383,8.3491519336,0.8899127960,0.7919470655,0.6271873741
2.070000,-1.6944378386,2.8711710562,8.2442166485,0.8865371943,0.7859646836,0.6177925323
2.080000,-1.6803738935,2.8236635721,7.9731567641,0.8778174162,0.7705662045,0.5937808867
2.090000,-1.6714823623,2.7938690447,7.8058803987,0.8742436171,0.7643174926,0.5842287663
2.100000,-1.6633306910,2.7666931236,7.6548578549,0.8686418414,0.7545569839,0.5694114040
2.110000,-1.6537587528,2.7349549233,7.4803815316,0.8667195082,0.7512133178,0.5643533070
2.120000,-1.6423966178,2.6974766957,7.2764889577,0.8599682808,0.7395525680,0.5469590690
2.130000,-1.6360813846,2.6767930560,7.1655501126,0.8554961085,0.7318915908,0.5357179193
2.140000,-1.6169771436,2.6146459068,6.8366952377,0.8406427622,0.7066941095,0.4994556551
2.150000,-1.6053111375,2.5770661192,6.6417060324,0.8303210497,0.6894412494,0.4753518834
2.160000,-1.5971858898,2.5510197289,6.5078745393,0.8281014681,0.6857591961,0.4702852944
2.170000,-1.5887831946,2.5242439557,6.3719278968,0.8245607138,0.6799042853,0.4622804773
2.180000,-1.5712643678,2.4689233614,6.0960907601,0.8106024504,0.6571009292,0.4318461822
2.190000,-1.5646584754,2.4481639948,5.9935838712,0.8058528185,0.6494071781,0.4217514796
2.200000,-1.5491874752,2.3999835302,5.7599372291,0.7954518437,0.6327527876,0.4003993109
2.210000,-1.5342779760,2.3541535273,5.5434018106,0.7750825763,0.6008865175,0.3613866788
2.220000,-1.5268331352,2.3312461222,5.4349572936,0.7709109545,0.5943279137,0.3532832849
2.230000,-1.5141498216,2.2926745863,5.2565856674,0.7580492854,0.5746486384,0.3302438242
2.240000,-1.4850706830,2.2054982386,4.8647838109,0.7295250416,0.5322419422,0.2833562778
2.250000,-1.4769322235,2.1813709539,4.7587457611,0.7204320312,0.5190423071,0.2694462839
2.260000,-1.4618840005,2.1372388013,4.5689323144,0.7030155897,0.4944533243,0.2449197621
2.270000,-1.4437177963,2.0843605317,4.3448887931,0.6777711749,0.4594431688,0.2112148292
2.280000,-1.4247390672,2.0299047213,4.1207029769,0.6615206718,0.4377079663,0.1917597669
2.290000,-1.3980578676,1.9546107676,3.8208555977,0.6215748429,0.3863890567,0.1493486417
2.300000,-1.3820848197,1.9102234302,3.6494528986,0.5911811352,0.3496965281,0.1225693645
2.310000,-1.3585017836,1.8455974685,3.4067522947,0.5453230143,0.2976606803,0.0889391806
2.320000,-1.3493394108,1.8207482479,3.3153523425,0.5176212192,0.2679384551,0.0717982665
2.330000,-1.3275069362,1.7623664572,3.1065772360,0.4602556527,0.2122141579,0.0453451885
2.340000,-1.2955410226,1.6784746630,2.8175998264,0.3783161461,0.1437433408,0.0210110002
2.350000,-1.2813713833,1.6419271574,2.6960203388,0.3263839304,0.1065653700,0.0113727358
2.360000,-1.2738736953,1.6227866165,2.6336460856,0.2804366469,0.0788651250,0.0062872428
2.370000,-1.2489034219,1.5597666734,2.4329151635,0.2423074394,0.0588777786,0.0035027427
2.380000,-1.2326397146,1.5194360077,2.3088993527,0.1448738262,0.0221233016,0.0005885167
2.390000,-1.2208548025,1.4904914748,2.2215947803,0.0670729294,0.0050056207,0.0000349784
2.400000,-1.2028801691,1.4469570714,2.0938954234,0.0443288416,0.0020371424,0.0000046970
2.410000,-1.1970075307,1.4328500321,2.0531905624,0.0371119041,0.0014713461,0.0000027178
2.420000,-1.1845818470,1.4032351553,1.9690745310,0.0339080460,0.0012524475,0.0000020153
2.430000,-1.1741841723,1.3787439452,1.9011307925,0.0092383403,0.0001425185,0.0000000415
2.440000,-1.1590434668,1.3434117089,1.8049158832,0.0089807109,0.0001138126,0.0000000255
2.450000,-1.1505681068,1.3238148591,1.7525275536,0.0320914257,0.0010444659,0.0000011520
2.460000,-1.1398599551,1.2993173470,1.6884161822,0.0339476813,0.0011804012,0.0000014989
2.470000,-1.1311599947,1.2795561097,1.6374338480,0.0565563485,0.0033955094,0.0000138522
2.480000,-1.1285506672,1.2736870586,1.6225853420,0.0311566915,0.0010441867,0.0000014082
2.490000,-1.1130796671,1.2390202806,1.5355375713,0.0169507198,0.0004108282,0.0000003564
2.500000,-1.1045778835,1.2201571383,1.4891003331,0.0165840927,0.0004453318,0.0000004591
2.510000,-1.0983815563,1.2064544036,1.4555919995,0.0077520148,0.0000800004,0.0000000122
2.520000,-1.0937838552,1.1963778552,1.4313901151,0.0270940678,0.0008541598,0.0000010255
2.530000,-1.0794028273,1.1651298685,1.3576181048,0.0111243228,0.0001616156,0.0000000404
2.540000,-1.0729885057,1.1513641842,1.3259165827,0.0130664551,0.0002791924,0.0000002034
2.550000,-1.0676245211,1.1398589804,1.2994463976,0.0066257101,0.0000760175,0.0000000131
2.560000,-1.0593935791,1.1223717103,1.2599731658,0.0121746595,0.0002985028,0.0000003372
2.570000,-1.0499933941,1.1025253583,1.2157347309,0.0142224861,0.0002350857,0.0000000889
2.580000,-1.0372968688,1.0760178625,1.1579567461,0.0129772760,0.0001936973,0.0000000604
2.590000,-1.0362135024,1.0737801276,1.1531818314,0.0100277447,0.0001305461,0.0000000322
2.600000,-1.0296274277,1.0601353109,1.1238982076,0.0164420665,0.0004721312,0.0000005843
2.610000,-1.0210926146,1.0426618469,1.0872764121,0.0203230282,0.0004746310,0.0000003383
2.620000,-1.0192693883,1.0389302298,1.0794596340,0.0063449598,0.0000685344,0.0000000118
2.630000,-1.0100277447,1.0201826981,1.0408811169,0.0160985602,0.0003252072,0.0000001985
2.640000,-1.0018826793,1.0037732722,1.0075783701,0.0193816883,0.0004649547,0.0000003204
2.650000,-0.9952371515,0.9905372417,0.9813237211,0.0361540489,0.0014268792,0.0000029032
2.660000,-0.9858832078,0.9719876434,0.9448455028,0.0085381159,0.0001111647,0.0000000292
2.670000,-0.9862861673,0.9727940395,0.9464593659,0.0167360287,0.0005575125,0.0000007594
2.680000,-0.9760404281,0.9526894895,0.9077490885,0.0156328443,0.0003194482,0.0000002024
2.690000,-0.9707623200,0.9423928964,0.8881548229,0.0114314967,0.0001680429,0.0000000556
2.700000,-0.9592680671,0.9202082729,0.8468312124,0.0111705640,0.0001973960,0.0000000836
2.710000,-0.9634694147,0.9282907049,0.8617878284,0.0087990486,0.0001325885,0.0000000429
2.720000,-0.9544391597,0.9109724434,0.8299375315,0.0085876599,0.0001032767,0.0000000242
2.730000,-0.9485334919,0.8997263710,0.8095455708,0.0076430177,0.0000703772,0.0000000071
2.740000,-0.9432223543,0.8896981362,0.7916685970,0.0169804466,0.0004294872,0.0000003782
2.750000,-0.9390738539,0.8818894582,0.7778342461,0.0120227243,0.0002536402,0.0000002036
2.760000,-0.9278834721,0.8609917667,0.7413893201,0.0090632844,0.0000889052,0.0000000101
2.770000,-0.9196261065,0.8457253983,0.7152962004,0.0035143347,0.0000213628,0.0000000012
2.780000,-0.9203857841,0.8471364329,0.7177298681,0.0102919803,0.0002382572,0.0000002336
2.790000,-0.9135618972,0.8346358931,0.6967527897,0.0135090501,0.0002146889,0.0000000651
2.800000,-0.9068635223,0.8224506363,0.6765885422,0.0087395957,0.0001132405,0.0000000256
2.810000,-0.9047694544,0.8186169388,0.6701637016,0.0110252347,0.0001368952,0.0000000293
2.820000,-0.8993790461,0.8089036853,0.6543930451,0.0103514335,0.0001412536,0.0000000331
2.830000,-0.8910093804,0.7939228619,0.6303931832,0.0182983215,0.0004719684,0.0000004073
2.840000,-0.8855991544,0.7843417225,0.6153677720,0.0178953629,0.0003484900,0.0000001547
2.850000,-0.8836570221,0.7808687293,0.6098154696,0.0112234114,0.0001876525,0.0000000637
2.860000,-0.8798123927,0.7741048003,0.5993466791,0.0081549743,0.0000872457,0.0000000120
2.870000,-0.8827652266,0.7793200313,0.6074812154,0.0079567975,0.0000798755,0.0000000118
2.880000,-0.8694873827,0.7560266256,0.5716316955,0.0134231731,0.0002023718,0.0000000587
2.890000,-0.8565794689,0.7337412293,0.5384140786,0.0055324349,0.0000528365,0.0000000069
2.900000,-0.8614281939,0.7420928124,0.5508034291,0.0110318405,0.0001489263,0.0000000399
2.910000,-0.8529065927,0.7274859300,0.5293411203,0.0105231869,0.0001224376,0.0000000214
2.920000,-0.8478068437,0.7188033423,0.5167556011,0.0052615934,0.0000528822,0.0000000099
2.930000,-0.8452701810,0.7144917726,0.5105273174,0.0093143083,0.0001097232,0.0000000194
2.940000,-0.8455674462,0.7150076595,0.5113026247,0.0073259346,0.0000622391,0.0000000056
2.950000,-0.8369731801,0.7005505449,0.4908452110,0.0089807107,0.0001174132,0.0000000243
2.960000,-0.8333003039,0.6944029294,0.4822330939,0.0067512221,0.0000768236,0.0000000124
2.970000,-0.8301162637,0.6891221747,0.4749701168,0.0081847007,0.0000919450,0.0000000160
2.980000,-0.8287158145,0.6867771400,0.4716827712,0.0118873036,0.0001444628,0.0000000226
2.990000,-0.8227308759,0.6769032408,0.4582446314,0.0084026948,0.0001257557,0.0000000370
3.000000,-0.8178094861,0.6688265967,0.4473671645,0.0046604571,0.0000272151,0.0000000011
