# Temp,E,E^2,E^4,M,M^2,M^4
1.500000,-1.9503906250,3.8040836334,14.4719633954,0.9865234375,0.9732336044,0.9472035222
1.510000,-1.9486328125,3.7972120285,14.4194593739,0.9856445312,0.9714979649,0.9438192662
1.520000,-1.9515625000,3.8086723328,14.5071459380,0.9861328125,0.9724681854,0.9457343269
1.530000,-1.9457031250,3.7858497620,14.3340099335,0.9846679687,0.9695794582,0.9401171073
1.540000,-1.9417968750,3.7707401276,14.2209634175,0.9840820313,0.9684339046,0.9379278138
1.550000,-1.9474609375,3.7927286148,14.3866768097,0.9860351563,0.9722741604,0.9453513495
1.560000,-1.9390625000,3.7601772308,14.1421425152,0.9825195313,0.9653618336,0.9319897398
1.570000,-1.9416015625,3.7698778152,14.2129041036,0.9839843750,0.9682311058,0.9374941720
1.580000,-1.9322265625,3.7335184097,13.9394419316,0.9810546875,0.9624709129,0.9263603191
1.590000,-1.9285156250,3.7192558289,13.8340987620,0.9801757813,0.9607550144,0.9230902329
1.600000,-1.9384765625,3.7577219009,14.1209334986,0.9826171875,0.9655397415,0.9322793872
1.610000,-1.9281250000,3.7179126740,13.8265512650,0.9794921875,0.9594310760,0.9206084113
1.620000,-1.9326171875,3.7350522995,13.9512599467,0.9812500000,0.9628577232,0.9271187631
1.630000,-1.9326171875,3.7350748062,13.9517659285,0.9807617187,0.9618991375,0.9252714498
1.640000,-1.9322265625,3.7336069107,13.9414279685,0.9798828125,0.9601762772,0.9219613604
1.650000,-1.9179687500,3.6786384583,13.5328859153,0.9759765625,0.9525338173,0.9073342570
1.660000,-1.9121093750,3.6563564301,13.3717755467,0.9754882812,0.9515905857,0.9055747574
1.670000,-1.8960937500,3.5955238342,12.9328301526,0.9695312500,0.9400244713,0.8837723073
1.680000,-1.9044921875,3.6271322250,13.1566927034,0.9717773438,0.9443578243,0.8918366611
1.690000,-1.9078125000,3.6399585724,13.2523637958,0.9727539063,0.9462676525,0.8954886164
1.700000,-1.9003906250,3.6121707916,13.0578125271,0.9696289062,0.9402339458,0.8842433404
1.710000,-1.8917968750,3.5791126251,12.8131516102,0.9668945313,0.9349198818,0.8742054885
1.720000,-1.8964843750,3.5967060089,12.9370578475,0.9698242188,0.9405648708,0.8846842704
1.730000,-1.8822265625,3.5428167343,12.5521156000,0.9639648438,0.9292331219,0.8634924421
1.740000,-1.8816406250,3.5406040192,12.5363379825,0.9617187500,0.9249194145,0.8555369211
1.750000,-1.8785156250,3.5290332794,12.4570619304,0.9657226562,0.9326406956,0.8698947400
1.760000,-1.8845703125,3.5523885727,12.6306494725,0.9645507813,0.9304501057,0.8660805808
1.770000,-1.8816406250,3.5407917023,12.5403388918,0.9656250000,0.9324501991,0.8695325720
1.780000,-1.8621093750,3.4678981781,12.0324920900,0.9581054688,0.9180179119,0.8429471866
1.790000,-1.8666015625,3.4847501755,12.1510832154,0.9598632812,0.9213916302,0.8491611931
1.800000,-1.8666015625,3.4844335556,12.1445095963,0.9587890625,0.9193011284,0.8452054206
1.810000,-1.8669921875,3.4860517502,12.1580442742,0.9587890625,0.9193284988,0.8453565262
1.820000,-1.8468750000,3.4111816406,11.6393459149,0.9507812500,0.9040236473,0.8173982145
1.830000,-1.8453125000,3.4054126740,11.6000507258,0.9516601562,0.9056851864,0.8203681571
1.840000,-1.8460937500,3.4081779480,11.6172519297,0.9525390625,0.9073494911,0.8233512057
1.850000,-1.8529296875,3.4334779739,11.7905615712,0.9560546875,0.9140622139,0.8355890466
1.860000,-1.8375000000,3.3765010834,11.4020389189,0.9498046875,0.9021525383,0.8139642538
1.870000,-1.8257812500,3.3335224152,11.1129766514,0.9464843750,0.8958432198,0.8025728475
1.880000,-1.8238281250,3.3266307831,11.0702074640,0.9447265625,0.8925358772,0.7967191549
1.890000,-1.8224609375,3.3217947006,11.0400985196,0.9437500000,0.8907631874,0.7938115274
1.900000,-1.7945312500,3.2210494995,10.3843242823,0.9338867187,0.8722344875,0.7611083603
1.910000,-1.8042968750,3.2556919098,10.6021976499,0.9331054688,0.8707322598,0.7583361481
1.920000,-1.7953125000,3.2233711243,10.3930259392,0.9326171875,0.8697929382,0.7566025931
1.930000,-1.7943359375,3.2200475693,10.3739529855,0.9329101562,0.8704020977,0.7578811657
1.940000,-1.7730468750,3.1437961578,9.8847167666,0.9211914062,0.8486155033,0.7202228253
1.950000,-1.7679687500,3.1259750366,9.7749980273,0.9246093750,0.8549386024,0.7310436686
1.960000,-1.7822265625,3.1768865585,10.0995760427,0.9279296875,0.8611311913,0.7418135407
1.970000,-1.7535156250,3.0753444672,9.4641492460,0.9111328125,0.8302899361,0.6897960455
1.980000,-1.7550781250,3.0806980133,9.4956053387,0.9197265625,0.8459535599,0.7158294401
1.990000,-1.7585937500,3.0931789398,9.5742648199,0.9185546875,0.8438746452,0.7125680703
2.000000,-1.7556640625,3.0833314896,9.5190222741,0.9153320312,0.8379342556,0.7024755939
2.010000,-1.7226562500,2.9682281494,8.8184010975,0.9056640625,0.8203442574,0.6733470644
2.020000,-1.7347656250,3.0098117828,9.0638117815,0.9051757812,0.8196061611,0.6726153400
2.030000,-1.7228515625,2.9683675766,8.8130019500,0.8971679688,0.8049879551,0.6482543306
2.040000,-1.6927734375,2.8662919998,8.2247890608,0.8826171875,0.7793661118,0.6084874968
2.050000,-1.7230468750,2.9696212769,8.8272493246,0.9023437500,0.8144305229,0.6639663964
2.060000,-1.7042968750,2.9070762634,8.4793212526,0.8954101562,0.8023558140,0.6456596874
2.070000,-1.6701171875,2.7918058395,7.8215369272,0.8802734375,0.7753301620,0.6025003044
2.080000,-1.6564453125,2.7439462662,7.5307202322,0.8727539063,0.7618028164,0.5806539677
2.090000,-1.6513671875,2.7280199051,7.4528785462,0.8599609375,0.7401034355,0.5494227961
2.100000,-1.6884765625,2.8522264481,8.1497586731,0.8917968750,0.7955929756,0.6338923035
2.110000,-1.6365234375,2.6794164658,7.1922855080,0.8468750000,0.7178775787,0.5172842552
2.120000,-1.6443359375,2.7039388657,7.3123459859,0.8610351563,0.7414624691,0.5500049656
2.130000,-1.6558593750,2.7425777435,7.5294288741,0.8631835937,0.7454840183,0.5569223697
2.140000,-1.6384765625,2.6852087021,7.2168615233,0.8562500000,0.7332819939,0.5380489193
2.150000,-1.5812500000,2.5014137268,6.2678869655,0.7878906250,0.6222377777,0.3909126295
2.160000,-1.6093750000,2.5905773163,6.7161348085,0.8505859375,0.7235477448,0.5236685518
2.170000,-1.5824218750,2.5043487549,6.2746598991,0.8186523437,0.6704196453,0.4500737809
2.180000,-1.5146484375,2.2957075119,5.2844470199,0.7538085937,0.5706522465,0.3311961392
2.190000,-1.5113281250,2.2849071503,5.2281038024,0.7167968750,0.5165030479,0.2724750771
2.200000,-1.5144531250,2.2937480927,5.2629235500,0.7395507812,0.5481173038,0.3029971094
2.210000,-1.4943359375,2.2359045029,5.0245852591,0.7272460938,0.5298015118,0.2825435444
2.220000,-1.4853515625,2.2077009201,4.8867406464,0.6541015625,0.4288428307,0.1856938235
2.230000,-1.5517578125,2.4086400986,5.8081340420,0.8125976563,0.6606272221,0.4372319436
2.240000,-1.4589843750,2.1297367096,4.5451023352,0.7142578125,0.5118617058,0.2653956572
2.250000,-1.4996093750,2.2500469208,5.0734717508,0.7346679687,0.5407561779,0.2946650700
2.260000,-1.4642578125,2.1457334518,4.6187209649,0.7112304687,0.5071143627,0.2597412231
2.270000,-1.4644531250,2.1455146790,4.6108513330,0.7402343750,0.5482649803,0.3013042342
2.280000,-1.4091796875,1.9864164352,3.9508632928,0.6840820312,0.4683454990,0.2200590553
2.290000,-1.4412109375,2.0779241562,4.3247249353,0.7176757812,0.5159169674,0.2679629141
2.300000,-1.4263671875,2.0353574753,4.1494701052,0.6942382812,0.4834509373,0.2366063620
2.310000,-1.3621093750,1.8575725555,3.4670283042,0.5994140625,0.3618570328,0.1346108235
2.320000,-1.3167968750,1.7346187592,3.0135760413,0.4918945312,0.2468150616,0.0656130223
2.330000,-1.2603515625,1.5888704300,2.5269124758,0.2767578125,0.0782301903,0.0066117254
2.340000,-1.2736328125,1.6231466293,2.6411819563,0.2916992187,0.0878602505,0.0087446265
2.350000,-1.2644531250,1.5998416901,2.5656978365,0.2411132813,0.0656057835,0.0057340576
2.360000,-1.2394531250,1.5368576050,2.3656935046,0.3039062500,0.1012048721,0.0136740510
2.370000,-1.2832031250,1.6474998474,2.7201556424,0.4306640625,0.1861683846,0.0351909558
2.380000,-1.2833984375,1.6484357834,2.7258612203,0.3132812500,0.1009954453,0.0112639268
2.390000,-1.2560546875,1.5786752701,2.4987087069,0.3197265625,0.1099655151,0.0161732057
2.400000,-1.2085937500,1.4614398956,2.1401608140,0.2925781250,0.0867547989,0.0078915607
2.410000,-1.2191406250,1.4889987946,2.2328774982,0.3791992188,0.1482603550,0.0242495236
2.420000,-1.2089843750,1.4620315552,2.1397608879,0.3792968750,0.1468343735,0.0232634693
2.430000,-1.1798828125,1.3944814682,1.9577039661,0.2406250000,0.0588938713,0.0036807707
2.440000,-1.1769531250,1.3870002747,1.9334216194,0.0909179687,0.0119511127,0.0002821161
2.450000,-1.1472656250,1.3173976898,1.7416592455,0.1622070312,0.0293977261,0.0012009274
2.460000,-1.1513671875,1.3260419846,1.7604789281,0.0708007812,0.0062305927,0.0000704167
2.470000,-1.1066406250,1.2251262665,1.5032472102,0.0626953125,0.0053092003,0.0000500210
2.480000,-1.1138671875,1.2411153793,1.5423967645,0.0808593750,0.0086296082,0.0001252995
2.490000,-1.1001953125,1.2111722946,1.4705736614,0.0537109375,0.0039223671,0.0000357242
2.500000,-1.1130859375,1.2399129868,1.5420225512,0.1208007813,0.0185487270,0.0006368497
2.510000,-1.0738281250,1.1539714813,1.3356897625,0.0426757813,0.0026063442,0.0000129222
2.520000,-1.0724609375,1.1511426926,1.3296161150,0.0640625000,0.0051230431,0.0000354953
2.530000,-1.0798828125,1.1670400620,1.3662584742,0.0458984375,0.0030657768,0.0000184535
2.540000,-1.0619140625,1.1283967972,1.2766279851,0.0641601563,0.0048545361,0.0000411254
2.550000,-1.0607421875,1.1264287949,1.2743288337,0.0345703125,0.0019999504,0.0000107618
2.560000,-1.0228515625,1.0466184616,1.0970702552,0.1807617187,0.0371011257,0.0019779770
2.570000,-1.0261718750,1.0540470123,1.1151447863,0.0696289062,0.0064415455,0.0000726511
2.580000,-1.0693359375,1.1442441940,1.3128618771,0.0750976563,0.0084890842,0.0001460530
2.590000,-1.0433593750,1.0888515472,1.1866836610,0.0844726562,0.0084844112,0.0001263936
2.600000,-1.0208984375,1.0431253433,1.0917750929,0.0583007813,0.0056348324,0.0000895678
2.610000,-1.0007812500,1.0028305054,1.0106117328,0.0484375000,0.0028546333,0.0000131937
2.620000,-1.0279296875,1.0580137253,1.1252079653,0.0345703125,0.0020125389,0.0000098731
2.630000,-1.0148437500,1.0327171326,1.0783567268,0.0887695313,0.0091979504,0.0001183147
2.640000,-1.0207031250,1.0421710968,1.0875216016,0.0530273437,0.0040054798,0.0000350999
2.650000,-1.0074218750,1.0151569366,1.0315949503,0.0434570312,0.0025865078,0.0000119527
2.660000,-1.0037109375,1.0078535080,1.0174433144,0.0386718750,0.0017460823,0.0000043540
2.670000,-0.9867187500,0.9745475769,0.9534156733,0.0352539063,0.0015662670,0.0000033771
2.680000,-0.9681640625,0.9389646530,0.8876595254,0.0484375000,0.0028933525,0.0000159019
2.690000,-0.9710937500,0.9437282562,0.8933183135,0.0770507813,0.0073733807,0.0000963685
2.700000,-0.9720703125,0.9450925827,0.8938454754,0.0439453125,0.0023158073,0.0000084515
2.710000,-0.9449218750,0.8931346893,0.7986110043,0.0555664062,0.0038814068,0.0000284374
2.720000,-0.9578125000,0.9174472809,0.8418660624,0.0447265625,0.0021050453,0.0000053813
2.730000,-0.9513671875,0.9052316666,0.8199237110,0.0782226562,0.0079061985,0.0001124474
2.740000,-0.9423828125,0.8899549484,0.7987613685,0.0418945312,0.0026973248,0.0000161646
2.750000,-0.9705078125,0.9424772263,0.8905233377,0.0507812500,0.0041763306,0.0000472507
2.760000,-0.9390625000,0.8835586548,0.7866320210,0.0786132812,0.0070467472,0.0000746491
2.770000,-0.9193359375,0.8455877304,0.7164020160,0.0718750000,0.0071873665,0.0001307171
2.780000,-0.9195312500,0.8468925476,0.7217770260,0.0262695312,0.0010830402,0.0000032448
2.790000,-0.8955078125,0.8051874161,0.6584915724,0.0672851563,0.0060918331,0.0000777505
2.800000,-0.9115234375,0.8321973801,0.6971535177,0.0223632812,0.0007647991,0.0000009915
2.810000,-0.9154296875,0.8388784409,0.7066540882,0.0951171875,0.0109074593,0.0001747725
2.820000,-0.9076171875,0.8251241684,0.6853338008,0.0582031250,0.0053437233,0.0000660133
2.830000,-0.8878906250,0.7888523102,0.6238953970,0.0470703125,0.0027781487,0.0000130811
2.840000,-0.9257812500,0.8579357147,0.7390588550,0.0159179688,0.0005727291,0.0000008285
2.850000,-0.8835937500,0.7814365387,0.6127833311,0.0614257812,0.0040824413,0.0000217453
2.860000,-0.8921875000,0.7967716217,0.6373980792,0.0443359375,0.0028411865,0.0000154883
2.870000,-0.8560546875,0.7330648422,0.5380682843,0.0560546875,0.0038789749,0.0000276480
2.880000,-0.8800781250,0.7752689362,0.6033652199,0.0615234375,0.0073762894,0.0001541936
2.890000,-0.8757812500,0.7670345306,0.5884704458,0.0718750000,0.0079661369,0.0001454590
2.900000,-0.8539062500,0.7294048309,0.5327487534,0.0945312500,0.0115216255,0.0002034687
2.910000,-0.8841796875,0.7823869705,0.6140065530,0.0337890625,0.0014997482,0.0000034334
2.920000,-0.8605468750,0.7429229736,0.5589202954,0.0334960937,0.0014089108,0.0000033035
2.930000,-0.8451171875,0.7148809433,0.5129521203,0.0421875000,0.0039833069,0.0000435158
2.940000,-0.8025390625,0.6445013046,0.4165330113,0.0548828125,0.0036644936,0.0000168080
2.950000,-0.8324218750,0.6933692932,0.4819837845,0.0652343750,0.0045971870,0.0000254438
2.960000,-0.8351562500,0.6984661102,0.4905103685,0.0488281250,0.0028792381,0.0000135445
2.970000,-0.8248046875,0.6808008194,0.4648552641,0.0714843750,0.0063246727,0.0000772843
2.980000,-0.8408203125,0.7071332932,0.5004756967,0.0682617188,0.0058785915,0.0000525476
2.990000,-0.8154296875,0.6652372360,0.4433793523,0.0341796875,0.0018795967,0.0000070254
3.000000,-0.8240234375,0.6792791367,0.4621321102,0.0587890625,0.0042104721,0.0000275743
