# Temp,E,E^2,E^4,M,M^2,M^4
1.500000,-1.9497333333,3.8014621965,14.4511471698,0.9859155416,0.9720296639,0.9448424792
1.510000,-1.9504444444,3.8042377509,14.4722891052,0.9864044547,0.9729941780,0.9467193429
1.520000,-1.9483466667,3.7960551976,14.4100421121,0.9856933355,0.9715913682,0.9439898508
1.530000,-1.9449066667,3.7826656442,14.3086153107,0.9846133232,0.9694637539,0.9398613559
1.540000,-1.9425777778,3.7736116938,14.2401946462,0.9838266730,0.9679152646,0.9368612842
1.550000,-1.9405422222,3.7657053610,14.1805556233,0.9834888935,0.9672505524,0.9355742069
1.560000,-1.9369422222,3.7517475105,14.0756444794,0.9823733330,0.9650574924,0.9313364544
1.570000,-1.9366844444,3.7507473719,14.0681168687,0.9822355628,0.9647870371,0.9308153254
1.580000,-1.9327555556,3.7355603804,13.9546553813,0.9807600021,0.9618919448,0.9252428962
1.590000,-1.9307466667,3.7277856928,13.8964309396,0.9803866744,0.9611583303,0.9238264856
1.600000,-1.9266755556,3.7120836602,13.7796387614,0.9792000055,0.9588329570,0.9193618135
1.610000,-1.9251644444,3.7062654463,13.7365119072,0.9785555482,0.9575715472,0.9169455132
1.620000,-1.9229155556,3.6976051390,13.6722971519,0.9779244423,0.9563363933,0.9145799799
1.630000,-1.9195466667,3.6846616569,13.5767647460,0.9769244432,0.9543816840,0.9108456064
1.640000,-1.9192533333,3.6835381934,13.5685248675,0.9766666651,0.9538782327,0.9098854310
1.650000,-1.9138133333,3.6626868922,13.4153546734,0.9749688864,0.9505651430,0.9035771856
1.660000,-1.9106844444,3.6507163868,13.3277497135,0.9737999916,0.9482866186,0.8992482505
1.670000,-1.9099466667,3.6479162955,13.3075857940,0.9739599943,0.9485998403,0.8998483760
1.680000,-1.9049155556,3.6287177857,13.1678029016,0.9720355392,0.9448544345,0.8927549828
1.690000,-1.9012000000,3.6145724599,13.0652936602,0.9709511161,0.9427478014,0.8887799511
1.700000,-1.8978755556,3.6019459085,12.9742202050,0.9700266719,0.9409528662,0.8853965218
1.710000,-1.8951466667,3.5915862179,12.8995681529,0.9692755580,0.9394958053,0.8826549910
1.720000,-1.8916800000,3.5784616581,12.8055088269,0.9680355430,0.9370937613,0.8781482783
1.730000,-1.8870844444,3.5610910210,12.6814165567,0.9662000060,0.9335431240,0.8715052728
1.740000,-1.8846933333,3.5520794848,12.6174183062,0.9657155633,0.9326073651,0.8697595430
1.750000,-1.8801688889,3.5350407676,12.4965941255,0.9641510963,0.9295880312,0.8641364914
1.760000,-1.8800355556,3.5345503731,12.4932822076,0.9642177820,0.9297181157,0.8643838986
1.770000,-1.8742755556,3.5129171382,12.3407029746,0.9621333361,0.9257019958,0.8569295105
1.780000,-1.8698933333,3.4965239850,12.2259995531,0.9603644490,0.9223023847,0.8506509351
1.790000,-1.8598222222,3.4589528296,11.9645504185,0.9569555640,0.9157669828,0.8386402825
1.800000,-1.8587555556,3.4549820421,11.9370366625,0.9566933393,0.9152643519,0.8377169078
1.810000,-1.8528533333,3.4330873592,11.7863896548,0.9541777730,0.9104598892,0.8289542165
1.820000,-1.8492533333,3.4197406123,11.6946630687,0.9530222297,0.9082524646,0.8249265141
1.830000,-1.8438222222,3.3997041667,11.5583124844,0.9510266662,0.9044535350,0.8180427647
1.840000,-1.8393333333,3.3831632731,11.4460120141,0.9495911002,0.9017241109,0.8131094459
1.850000,-1.8360711111,3.3711768273,11.3650986047,0.9484311104,0.8995257976,0.8091618547
1.860000,-1.8317066667,3.3551604768,11.2572517579,0.9467377901,0.8963142011,0.8033854555
1.870000,-1.8267377778,3.3369915243,11.1357876940,0.9452088833,0.8934218885,0.7982100164
1.880000,-1.8175911111,3.3036502309,10.9142733516,0.9412577987,0.8859693678,0.7849527715
1.890000,-1.8169422222,3.3012895787,10.8986518630,0.9409733415,0.8854342260,0.7840057790
1.900000,-1.8091466667,3.2730277938,10.7129219905,0.9382933378,0.8803970476,0.7751083245
1.910000,-1.8000444444,3.2401663680,10.4987606128,0.9346444488,0.8735613297,0.7631131860
1.920000,-1.8008800000,3.2431745956,10.5182569112,0.9347955704,0.8738449382,0.7636125998
1.930000,-1.7908000000,3.2069763970,10.2848480868,0.9311244488,0.8669952313,0.7516893620
1.940000,-1.7857600000,3.1889462574,10.1694738306,0.9282755494,0.8616970005,0.7425269177
1.950000,-1.7801511111,3.1689419595,10.0422436413,0.9274533391,0.8601707616,0.7398974070
1.960000,-1.7734133333,3.1450115101,9.8913070408,0.9238577843,0.8535178817,0.7285087448
1.970000,-1.7680355556,3.1259600442,9.7717552245,0.9207999945,0.8478751908,0.7189010262
1.980000,-1.7620444444,3.1048203939,9.6401547606,0.9194622278,0.8454133710,0.7147324931
1.990000,-1.7487644444,3.0581880818,9.3526490473,0.9128800035,0.8333516927,0.6944810131
2.000000,-1.7426488889,3.0368547390,9.2228451386,0.9099600077,0.8280340170,0.6856628038
2.010000,-1.7368711111,3.0167279202,9.1007276833,0.9069288969,0.8225234152,0.6765559209
2.020000,-1.7311022222,2.9967182195,8.9803598239,0.9059511185,0.8207480768,0.6736295339
2.030000,-1.7250311111,2.9757549961,8.8553881465,0.9004933357,0.8108918260,0.6575571807
2.040000,-1.7148444444,2.9407340049,8.6484161308,0.8968088865,0.8042788325,0.6469050286
2.050000,-1.7086222222,2.9193960794,8.5229457332,0.8943244576,0.7998242497,0.6397445536
2.060000,-1.6940088889,2.8696814183,8.2352468681,0.8874488831,0.7875668910,0.6202659228
2.070000,-1.6856622222,2.8414959996,8.0745425068,0.8819022059,0.7777605631,0.6049397187
2.080000,-1.6831466667,2.8329927396,8.0259617014,0.8795333385,0.7735877082,0.5984652231
2.090000,-1.6755644444,2.8075635970,7.8829436919,0.8776666641,0.7703142091,0.5934314191
2.100000,-1.6548088889,2.7384285717,7.4993846134,0.8623288989,0.7436291399,0.5530376026
2.110000,-1.6612177778,2.7596562406,7.6158318054,0.8697733283,0.7565197391,0.5723648949
2.120000,-1.6477600000,2.7152429760,7.3739576129,0.8618088961,0.7427548504,0.5518045890
2.130000,-1.6330044444,2.6667638159,7.1122733984,0.8491688848,0.7211056728,0.5200450171
2.140000,-1.6168266667,2.6141614060,6.8341849594,0.8402177811,0.7059896355,0.4984884919
2.150000,-1.6142488889,2.6058063625,6.7902985425,0.8410755634,0.7074136226,0.5004496983
2.160000,-1.5989333333,2.5565958147,6.5362638771,0.8297600031,0.6885232053,0.4741235790
2.170000,-1.5884622222,2.5232477677,6.3671374483,0.8200355530,0.6724802952,0.4522887185
2.180000,-1.5765422222,2.4854995164,6.1778485202,0.8174577713,0.6682635502,0.4466464891
2.190000,-1.5565511111,2.4229730884,5.8719698418,0.7978533268,0.6366929168,0.4056898789
2.200000,-1.5471111111,2.3936139575,5.7299734742,0.7842444420,0.6150705082,0.3783878747
2.210000,-1.5302400000,2.3416518503,5.4834963160,0.7684222221,0.5904756191,0.3486683374
2.220000,-1.5231911111,2.3201625059,5.3836302611,0.7648088932,0.5849844536,0.3423275646
2.230000,-1.5055911111,2.2668634718,5.1392054022,0.7488577604,0.5608445780,0.3146749577
2.240000,-1.4984000000,2.2452536976,5.0416242453,0.7462666750,0.5569608845,0.3103094584
2.250000,-1.4699377778,2.1607217841,4.6687593495,0.7041644335,0.4958894383,0.2459898151
2.260000,-1.4576800000,2.1248587081,4.5152599295,0.6910977721,0.4776939810,0.2283383233
2.270000,-1.4363822222,2.0632376845,4.2573112751,0.6609911084,0.4369297427,0.1909433799
2.280000,-1.4276888889,2.0383320624,4.1550968008,0.6470355511,0.4187186403,0.1754318089
2.290000,-1.3992000000,1.9578594860,3.8339869347,0.5850666642,0.3424681646,0.1175096779
2.300000,-1.3822488889,1.9106327344,3.6506759342,0.5698755741,0.3248345669,0.1056158997
2.310000,-1.3536622222,1.8324302914,3.3580135609,0.5129555464,0.2632218682,0.0693896544
2.320000,-1.3400622222,1.7957882955,3.2250101782,0.4578488886,0.2097952411,0.0441561738
2.330000,-1.3238844444,1.7526957792,3.0721234388,0.4420755565,0.1954896971,0.0382630648
2.340000,-1.2920177778,1.6693324689,2.7868215554,0.3581511140,0.1288286540,0.0168814056
2.350000,-1.2850222222,1.6513043773,2.7269534064,0.3128088892,0.0978626664,0.0095822641
2.360000,-1.2627111111,1.5944580595,2.5424159434,0.2954933286,0.0874015175,0.0076689237
2.370000,-1.2459822222,1.5525342242,2.4107481605,0.2404488891,0.0578891848,0.0033685818
2.380000,-1.2354666667,1.5264304150,2.3303118106,0.2079955608,0.0432994259,0.0018811301
2.390000,-1.2236888889,1.4974505003,2.2425737261,0.1693866640,0.0287124368,0.0008267178
2.400000,-1.2094222222,1.4627207561,2.1396611135,0.1634044439,0.0268677009,0.0007389490
2.410000,-1.2004266667,1.4410551933,2.0768184251,0.1446177781,0.0210819642,0.0004590152
2.420000,-1.1871822222,1.4094222333,1.9865875885,0.1160844475,0.0136894450,0.0001971049
2.430000,-1.1766311111,1.3845272269,1.9172830095,0.0497733347,0.0027221334,0.0000099389
2.440000,-1.1603644444,1.3465151577,1.8134768225,0.0337866664,0.0015743287,0.0000049011
2.450000,-1.1488444444,1.3198900705,1.7423539193,0.0080933335,0.0000970160,0.0000000200
2.460000,-1.1516266667,1.3263537264,1.7597944038,0.0089111110,0.0001272374,0.0000000363
2.470000,-1.1354222222,1.2892249154,1.6623137569,0.0234888890,0.0008325133,0.0000014066
2.480000,-1.1302311111,1.2775134337,1.6325100469,0.0127511110,0.0002261846,0.0000000829
2.490000,-1.1223911111,1.2597636674,1.5870138797,0.0314933328,0.0011130913,0.0000016670
2.500000,-1.0982488889,1.2061990712,1.4551486068,0.0077866667,0.0000960640,0.0000000249
2.510000,-1.1032000000,1.2171375810,1.4818491397,0.0151155558,0.0003053834,0.0000001841
2.520000,-1.0921866667,1.1928951257,1.4231102125,0.0334000003,0.0011773720,0.0000016672
2.530000,-1.0866488889,1.1808472154,1.3945965786,0.0114888888,0.0001905253,0.0000000703
2.540000,-1.0739022222,1.1532861559,1.3301618981,0.0146400003,0.0002551801,0.0000000952
2.550000,-1.0596888889,1.1229564393,1.2611027296,0.0111955553,0.0001797877,0.0000000868
2.560000,-1.0577511111,1.1188909965,1.2521575732,0.0126044445,0.0002014072,0.0000000635
2.570000,-1.0419822222,1.0857452038,1.1789221591,0.0292133331,0.0009416129,0.0000011568
2.580000,-1.0451644444,1.0924286440,1.1936615555,0.0079644446,0.0000856926,0.0000000140
2.590000,-1.0319200000,1.0648852855,1.1340933452,0.0096133333,0.0001668532,0.0000000916
2.600000,-1.0322755556,1.0656085914,1.1355890119,0.0194622220,0.0004791225,0.0000004331
2.610000,-1.0280711111,1.0569611639,1.1172977952,0.0270044444,0.0009307660,0.0000014716
2.620000,-1.0088088889,1.0177413764,1.0359841920,0.0092133332,0.0001620957,0.0000000916
2.630000,-1.0048622222,1.0097674394,1.0197087350,0.0176044441,0.0004581069,0.0000004144
2.640000,-0.9995111111,0.9990594690,0.9982678233,0.0275600005,0.0009230939,0.0000012381
2.650000,-0.9977688889,0.9955700034,0.9912685857,0.0127377776,0.0002824502,0.0000002010
2.660000,-0.9870222222,0.9742767155,0.9494636587,0.0223511115,0.0005825026,0.0000005687
2.670000,-0.9857244444,0.9716731046,0.9442283179,0.0181333333,0.0004455935,0.0000003514
2.680000,-0.9798933333,0.9602001320,0.9220195210,0.0156799998,0.0003645466,0.0000002720
2.690000,-0.9702133333,0.9413173661,0.8860914252,0.0167244444,0.0003284586,0.0000001499
2.700000,-0.9672355556,0.9355596373,0.8753278767,0.0101733333,0.0001545694,0.0000000615
2.710000,-0.9575022222,0.9168473296,0.8407438986,0.0107866665,0.0001326490,0.0000000261
2.720000,-0.9540355556,0.9102169912,0.8286156530,0.0246755553,0.0008687360,0.0000013764
2.730000,-0.9443111111,0.8917516535,0.7953213852,0.0127555555,0.0002365171,0.0000000976
2.740000,-0.9352444444,0.8747264020,0.7653012582,0.0123955558,0.0002233822,0.0000000841
2.750000,-0.9348444444,0.8739720865,0.7639591288,0.0104711111,0.0002045242,0.0000001448
2.760000,-0.9286933333,0.8625356776,0.7441885453,0.0051155556,0.0000456380,0.0000000061
2.770000,-0.9251822222,0.8559914165,0.7328219274,0.0086888890,0.0001253826,0.0000000399
2.780000,-0.9144355556,0.8362187228,0.6993496141,0.0081733332,0.0000932862,0.0000000150
2.790000,-0.9125866667,0.8328705833,0.6938613777,0.0079555557,0.0000849843,0.0000000176
2.800000,-0.9052888889,0.8195708014,0.6717712787,0.0133377777,0.0002541182,0.0000001417
2.810000,-0.9032888889,0.8159565235,0.6658690995,0.0106266667,0.0001667363,0.0000000577
2.820000,-0.8954933333,0.8019277318,0.6431504341,0.0071600002,0.0000645605,0.0000000071
2.830000,-0.8968444444,0.8043482552,0.6470348413,0.0082311110,0.0001450368,0.0000000648
2.840000,-0.8916355556,0.7950394758,0.6321687293,0.0105200000,0.0001412242,0.0000000304
2.850000,-0.8780177778,0.7709377165,0.5944142569,0.0154888892,0.0003233992,0.0000001791
2.860000,-0.8830755556,0.7798278108,0.6081482115,0.0081866666,0.0001074137,0.0000000232
2.870000,-0.8759377778,0.7672825675,0.5887702821,0.0118177778,0.0001865162,0.0000000682
2.880000,-0.8714311111,0.7594697079,0.5770309869,0.0146488886,0.0003180344,0.0000002544
2.890000,-0.8641155556,0.7467198447,0.5576625326,0.0092222222,0.0001704374,0.0000001025
2.900000,-0.8600977778,0.7398028124,0.5474102223,0.0093688890,0.0001186187,0.0000000335
2.910000,-0.8565777778,0.7337750127,0.5385717288,0.0169466667,0.0003602879,0.0000001975
2.920000,-0.8502311111,0.7229304743,0.5227367961,0.0134755556,0.0002524342,0.0000001522
2.930000,-0.8458755556,0.7155161849,0.5119941060,0.0056133334,0.0000387456,0.0000000020
2.940000,-0.8405600000,0.7066110432,0.4994982786,0.0079733334,0.0000912518,0.0000000161
2.950000,-0.8411644444,0.7075827243,0.5007442614,0.0128133335,0.0002118267,0.0000000708
2.960000,-0.8361777778,0.6992616470,0.4891581278,0.0095777777,0.0001292137,0.0000000407
2.970000,-0.8301333333,0.6891375036,0.4749550958,0.0061288886,0.0000648256,0.0000000146
2.980000,-0.8265155556,0.6831633316,0.4668094137,0.0076133334,0.0000913771,0.0000000219
2.990000,-0.8186044444,0.6701195255,0.4490769873,0.0088400001,0.0001652848,0.0000001058
3.000000,-0.8184888889,0.6699535036,0.4489168023,0.0091155556,0.0000964400,0.0000000132
