# Temp,E,E^2,E^4,M,M^2,M^4
1.500000,-1.9514300000,3.8080806615,14.5015029500,0.9865850091,0.9733501818,0.9474113612
1.510000,-1.9498200000,3.8017987058,14.4536836418,0.9861350179,0.9724624314,0.9456837951
1.520000,-1.9461950000,3.7876764426,14.3465150392,0.9850924969,0.9704073173,0.9416907106
1.530000,-1.9450900000,3.7833778342,14.3139890762,0.9847799897,0.9697918496,0.9404970905
1.540000,-1.9424250000,3.7730175179,14.2357009800,0.9839100003,0.9680791961,0.9371785196
1.550000,-1.9413300000,3.7687655963,14.2036458040,0.9836124897,0.9674940148,0.9360465451
1.560000,-1.9390750000,3.7600122739,14.1376985876,0.9829149961,0.9661219312,0.9333917467
1.570000,-1.9362100000,3.7489130595,14.0544075116,0.9821499944,0.9646189639,0.9304911053
1.580000,-1.9340000000,3.7403611010,13.9903773920,0.9813500047,0.9630484147,0.9274644937
1.590000,-1.9316450000,3.7312528559,13.9222545895,0.9807325006,0.9618362923,0.9251292635
1.600000,-1.9275750000,3.7155481684,13.8053396412,0.9794574976,0.9593371688,0.9203284911
1.610000,-1.9245000000,3.7037007168,13.7174059148,0.9785600066,0.9575797602,0.9169592793
1.620000,-1.9218250000,3.6934116359,13.6412940224,0.9776700020,0.9558386881,0.9136278090
1.630000,-1.9206550000,3.6889191761,13.6081770320,0.9771474957,0.9548176571,0.9116783959
1.640000,-1.9167100000,3.6737833518,13.4967741595,0.9760725021,0.9527186243,0.9076769501
1.650000,-1.9138850000,3.6629575064,13.4172827884,0.9751350045,0.9508885815,0.9041902520
1.660000,-1.9111150000,3.6523640319,13.3398139660,0.9742475033,0.9491586464,0.9009038383
1.670000,-1.9082550000,3.6414395279,13.2601165318,0.9734500051,0.9476051519,0.8979564317
1.680000,-1.9057000000,3.6317014133,13.1893846580,0.9724774957,0.9457133748,0.8943771721
1.690000,-1.9008950000,3.6134033049,13.0567051806,0.9710425019,0.9429238206,0.8891063871
1.700000,-1.8976000000,3.6008902077,12.9664743916,0.9697974920,0.9405075277,0.8845557350
1.710000,-1.8950300000,3.5911416373,12.8963404459,0.9692324996,0.9394121340,0.8824970207
1.720000,-1.8923650000,3.5810482371,12.8239486605,0.9682200074,0.9374503043,0.8788142785
1.730000,-1.8870350000,3.5609051236,12.6801027670,0.9664625168,0.9340500306,0.8724503350
1.740000,-1.8838700000,3.5489759437,12.5953689389,0.9652250051,0.9316606168,0.8679963753
1.750000,-1.8807200000,3.5371123705,12.5112297086,0.9644500017,0.9301644466,0.8652082813
1.760000,-1.8752900000,3.5167256565,12.3675434843,0.9623000145,0.9260230800,0.8575252720
1.770000,-1.8714750000,3.5024311054,12.2671979376,0.9610975027,0.9237094134,0.8532427906
1.780000,-1.8673550000,3.4870227469,12.1594400992,0.9595125079,0.9206655382,0.8476297712
1.790000,-1.8636300000,3.4731206737,12.0626214343,0.9579400063,0.9176500038,0.8420850136
1.800000,-1.8606400000,3.4619837123,11.9853658711,0.9574074864,0.9166294372,0.8402107795
1.810000,-1.8536400000,3.4359823705,11.8059902494,0.9552650094,0.9125317133,0.8327158606
1.820000,-1.8491200000,3.4192571027,11.6914876683,0.9533649921,0.9089071772,0.8261208648
1.830000,-1.8480250000,3.4152097406,11.6638400894,0.9526824951,0.9076053797,0.8237527673
1.840000,-1.8383850000,3.3796676181,11.4222640782,0.9494075060,0.9013756418,0.8124817572
1.850000,-1.8370500000,3.3747593995,11.3890912799,0.9485949993,0.8998350273,0.8097122654
1.860000,-1.8289850000,3.3451950234,11.1904487792,0.9461674809,0.8952342378,0.8014491273
1.870000,-1.8248600000,3.3301413268,11.0902053237,0.9446524978,0.8923723428,0.7963426802
1.880000,-1.8204250000,3.3139579714,10.9824604195,0.9424950004,0.8882987296,0.7890813944
1.890000,-1.8168950000,3.3011212619,10.8975842514,0.9409600019,0.8854068852,0.7839494622
1.900000,-1.8093300000,3.2736828507,10.7171015004,0.9378600001,0.8795827097,0.7736704214
1.910000,-1.8031600000,3.2513937500,10.5716622721,0.9360149980,0.8761264425,0.7676058358
1.920000,-1.7973550000,3.2304979474,10.4362846551,0.9338675022,0.8721116938,0.7605899216
1.930000,-1.7924100000,3.2127492463,10.3219588167,0.9317824960,0.8682223152,0.7538228369
1.940000,-1.7852250000,3.1870306179,10.1571937067,0.9287550092,0.8625867852,0.7440591302
1.950000,-1.7813550000,3.1732311011,10.0694649943,0.9266324997,0.8586490477,0.7372825087
1.960000,-1.7740550000,3.1472927786,9.9057243727,0.9230449915,0.8520174284,0.7259519928
1.970000,-1.7675500000,3.1242389257,9.7609429330,0.9201374888,0.8466545604,0.7168292377
1.980000,-1.7605600000,3.0996006108,9.6078841306,0.9184949994,0.8436391948,0.7117478031
1.990000,-1.7529800000,3.0729581577,9.4433090770,0.9155500054,0.8382369545,0.7026584254
2.000000,-1.7487250000,3.0580451606,9.3517141564,0.9129424930,0.8334670819,0.6946776710
2.010000,-1.7384100000,3.0220922500,9.1333185365,0.9067424893,0.8221923573,0.6760345740
2.020000,-1.7315150000,2.9981531329,8.9890293475,0.9040524960,0.8173144193,0.6680143110
2.030000,-1.7196850000,2.9573316426,8.7459901185,0.8997774839,0.8096017074,0.6554620193
2.040000,-1.7153400000,2.9424152968,8.6580900158,0.8962724924,0.8033092007,0.6453211755
2.050000,-1.7084300000,2.9187520577,8.5193353407,0.8941650033,0.7995372925,0.6392798099
2.060000,-1.7001700000,2.8905871093,8.3555989080,0.8913250089,0.7944629916,0.6311800712
2.070000,-1.6884200000,2.8507772108,8.1271031879,0.8812024951,0.7765241914,0.6030095520
2.080000,-1.6815650000,2.8276838539,7.9960560379,0.8802974939,0.7749318498,0.6005445907
2.090000,-1.6717450000,2.7947374186,7.8106251563,0.8745999932,0.7649263381,0.5851159461
2.100000,-1.6614100000,2.7602882335,7.6192468344,0.8669425130,0.7515895557,0.5648875658
2.110000,-1.6494300000,2.7206421582,7.4021422456,0.8587474942,0.7374573038,0.5438727753
2.120000,-1.6449800000,2.7059625318,7.3222693266,0.8574574947,0.7352357841,0.5405788104
2.130000,-1.6351300000,2.6736824908,7.1489248692,0.8537725210,0.7289378907,0.5313807692
2.140000,-1.6209300000,2.6274220292,6.9034303726,0.8429374933,0.7105474555,0.5048886217
2.150000,-1.6056200000,2.5780312147,6.6464059657,0.8313924909,0.6912267831,0.4778311249
2.160000,-1.6010150000,2.5632818654,6.5707510167,0.8293900013,0.6879037221,0.4732553351
2.170000,-1.5937250000,2.5400304646,6.4524797261,0.8262674928,0.6827310153,0.4661573844
2.180000,-1.5659850000,2.4523192599,6.0139699659,0.8030149817,0.6448483417,0.4158688005
2.190000,-1.5682750000,2.4595298301,6.0497154626,0.8088800073,0.6542946901,0.4281220717
2.200000,-1.5522850000,2.4096478339,5.8069688993,0.7986900091,0.6379549546,0.4071106233
2.210000,-1.5462100000,2.3907810705,5.7159842791,0.7939824939,0.6304206103,0.3974614649
2.220000,-1.5235450000,2.3212108181,5.3882189231,0.7727100015,0.5971284886,0.3566760931
2.230000,-1.5069000000,2.2707817222,5.1567612132,0.7540449977,0.5686156757,0.3233967210
2.240000,-1.4951950000,2.2356146334,4.9980313243,0.7380725026,0.5447696236,0.2968145611
2.250000,-1.4737000000,2.1717989803,4.7167741894,0.7090950131,0.5028522823,0.2529339627
2.260000,-1.4685800000,2.1567448028,4.6517001727,0.7126850009,0.5079515135,0.2580788565
2.270000,-1.4425750000,2.0810463121,4.3309513724,0.6859549999,0.4705685321,0.2214996196
2.280000,-1.4241350000,2.0281723824,4.1135797619,0.6593324900,0.4348001271,0.1891905082
2.290000,-1.4119450000,1.9936114479,3.9746681517,0.6292975068,0.3960274243,0.1568568682
2.300000,-1.3886400000,1.9284085357,3.7194330857,0.5966050029,0.3560630884,0.1269596397
2.310000,-1.3728300000,1.8847712555,3.5531853860,0.5682174921,0.3229507397,0.1044003929
2.320000,-1.3558950000,1.8384947711,3.3803821319,0.5401975036,0.2919806491,0.0854445741
2.330000,-1.3261750000,1.7588030911,3.0938345726,0.4818000078,0.2324851388,0.0543806574
2.340000,-1.3034600000,1.6990333820,2.8868863623,0.4107449949,0.1692284024,0.0289903605
2.350000,-1.2783100000,1.6341237438,2.6706692725,0.3374549985,0.1139705633,0.0130328735
2.360000,-1.2616400000,1.5917595740,2.5338522523,0.2587850034,0.0674031820,0.0046622560
2.370000,-1.2471500000,1.5554272685,2.4196288410,0.2275775015,0.0518577519,0.0027026277
2.380000,-1.2397550000,1.5370225801,2.3626234459,0.1518749982,0.0235017255,0.0005982646
2.390000,-1.2219950000,1.4932858651,2.2299869505,0.0872324988,0.0080592934,0.0000772711
2.400000,-1.2123100000,1.4697887625,2.1608252516,0.0579125009,0.0034265097,0.0000127579
2.410000,-1.2014950000,1.4436074456,2.0841019338,0.0557075001,0.0031295292,0.0000101049
2.420000,-1.1810250000,1.3948562749,1.9458266306,0.0248400002,0.0011512180,0.0000032791
2.430000,-1.1823750000,1.3980415019,1.9546923367,0.0076999999,0.0000954302,0.0000000251
2.440000,-1.1683700000,1.3651199068,1.8637243483,0.0084825001,0.0000895395,0.0000000123
2.450000,-1.1610050000,1.3479691134,1.8172178363,0.0090375001,0.0000900320,0.0000000099
2.460000,-1.1415050000,1.3030508229,1.6980312711,0.0175374997,0.0004176859,0.0000003428
2.470000,-1.1341500000,1.2863408547,1.6549025839,0.0122150002,0.0002054986,0.0000000928
2.480000,-1.1209550000,1.2565517994,1.5789810353,0.0090699999,0.0001528619,0.0000000626
2.490000,-1.1133250000,1.2395184376,1.5365344574,0.0189375006,0.0004419513,0.0000003359
2.500000,-1.1048300000,1.2206619800,1.4900773553,0.0097825002,0.0001133357,0.0000000206
2.510000,-1.0991250000,1.2080978274,1.4596071249,0.0120925001,0.0001815862,0.0000000581
2.520000,-1.0865600000,1.1806658842,1.3942235956,0.0090675001,0.0001414352,0.0000000439
2.530000,-1.0806350000,1.1677896274,1.3638149145,0.0100299998,0.0001256342,0.0000000333
2.540000,-1.0759050000,1.1576039664,1.3401971193,0.0123574998,0.0002263139,0.0000001068
2.550000,-1.0628000000,1.1295749677,1.2760801257,0.0052650001,0.0000374714,0.0000000026
2.560000,-1.0571400000,1.1175776570,1.2491253443,0.0124949997,0.0001836586,0.0000000540
2.570000,-1.0462850000,1.0947596171,1.1987063805,0.0132199999,0.0002054952,0.0000000648
2.580000,-1.0403900000,1.0824244720,1.1716994472,0.0146575001,0.0002691010,0.0000001215
2.590000,-1.0364450000,1.0742411964,1.1540925648,0.0089524999,0.0001098690,0.0000000229
2.600000,-1.0263700000,1.0534522495,1.1098326570,0.0096525000,0.0001457707,0.0000000526
2.610000,-1.0209400000,1.0423305803,1.0865035128,0.0116549999,0.0001765066,0.0000000465
2.620000,-1.0112600000,1.0226484960,1.0458169359,0.0139975000,0.0003083798,0.0000001926
2.630000,-1.0068550000,1.0137796796,1.0278412258,0.0163225001,0.0002840282,0.0000000985
2.640000,-1.0028350000,1.0056850911,1.0114309228,0.0148625001,0.0002858367,0.0000001358
2.650000,-0.9924550000,0.9849767611,0.9702179845,0.0116725000,0.0001600372,0.0000000410
2.660000,-0.9888750000,0.9779010359,0.9563975974,0.0181525000,0.0004681506,0.0000004955
2.670000,-0.9837750000,0.9678296506,0.9367578066,0.0110099999,0.0001243771,0.0000000169
2.680000,-0.9726600000,0.9460923720,0.8951851915,0.0078650002,0.0000891087,0.0000000178
2.690000,-0.9737200000,0.9481615917,0.8991285068,0.0091649999,0.0001056616,0.0000000223
2.700000,-0.9630300000,0.9274579180,0.8602941749,0.0099875002,0.0001260306,0.0000000327
2.710000,-0.9604700000,0.9225638685,0.8513526721,0.0098349999,0.0001284102,0.0000000368
2.720000,-0.9519300000,0.9062247985,0.8214396470,0.0096899999,0.0001353723,0.0000000339
2.730000,-0.9449900000,0.8930099080,0.7974802937,0.0077450000,0.0000880359,0.0000000166
2.740000,-0.9430300000,0.8893153545,0.7909165445,0.0092250000,0.0001120711,0.0000000195
2.750000,-0.9343750000,0.8730943384,0.7624257286,0.0068250001,0.0000641894,0.0000000078
2.760000,-0.9314150000,0.8675711409,0.7528085291,0.0051250001,0.0000508601,0.0000000080
2.770000,-0.9270550000,0.8594393849,0.7386649371,0.0100575000,0.0001554562,0.0000000499
2.780000,-0.9216300000,0.8494146917,0.7215489076,0.0156699997,0.0002981784,0.0000001421
2.790000,-0.9139250000,0.8352636894,0.6976813947,0.0115949999,0.0001581504,0.0000000344
2.800000,-0.9112600000,0.8304048272,0.6896055654,0.0157100001,0.0003309447,0.0000001772
2.810000,-0.9036850000,0.8166722969,0.6670372986,0.0114499999,0.0001628337,0.0000000491
2.820000,-0.8947800000,0.8006627570,0.6411615669,0.0065225003,0.0000843966,0.0000000207
2.830000,-0.8922000000,0.7960353830,0.6337184784,0.0103674999,0.0001374085,0.0000000338
2.840000,-0.8854950000,0.7841093991,0.6148526257,0.0082575000,0.0000755451,0.0000000081
2.850000,-0.8812850000,0.7766856371,0.6033099552,0.0159699999,0.0002847373,0.0000001009
2.860000,-0.8811450000,0.7764259844,0.6028667312,0.0075875001,0.0000990960,0.0000000256
2.870000,-0.8713450000,0.7592565681,0.5765143997,0.0064674999,0.0000673956,0.0000000137
2.880000,-0.8712750000,0.7591424914,0.5763650271,0.0170800000,0.0003152617,0.0000001395
2.890000,-0.8623300000,0.7436357092,0.5530612568,0.0104950001,0.0001653313,0.0000000691
2.900000,-0.8585250000,0.7370852499,0.5433539774,0.0069625001,0.0000547960,0.0000000040
2.910000,-0.8537100000,0.7288607728,0.5313547102,0.0160200003,0.0003862906,0.0000003124
2.920000,-0.8505000000,0.7233848685,0.5233856202,0.0062149999,0.0000541382,0.0000000055
2.930000,-0.8492350000,0.7212135429,0.5201879863,0.0043274999,0.0000226917,0.0000000008
2.940000,-0.8455600000,0.7149958853,0.5112882966,0.0093924998,0.0000979097,0.0000000123
2.950000,-0.8394950000,0.7047638756,0.4967259158,0.0087650002,0.0001578236,0.0000000822
2.960000,-0.8313100000,0.6910995832,0.4776832320,0.0099150001,0.0001312488,0.0000000397
2.970000,-0.8302550000,0.6893753199,0.4753812831,0.0046200001,0.0000266885,0.0000000012
2.980000,-0.8214950000,0.6748792394,0.4555301785,0.0091150001,0.0000947199,0.0000000134
2.990000,-0.8207900000,0.6737235300,0.4539768138,0.0046400001,0.0000417536,0.0000000054
3.000000,-0.8143050000,0.6631041964,0.4397377699,0.0090624998,0.0001111143,0.0000000243
