# Temp,E,E^2,E^4,M,M^2,M^4
1.500000,-1.9514016000,3.8079684934,14.5006284484,0.9866096020,0.9733985561,0.9475049411
1.510000,-1.9498016000,3.8017275629,14.4531519884,0.9861279964,0.9724485276,0.9456565368
1.520000,-1.9468192000,3.7901067399,14.3649355023,0.9852944016,0.9708052694,0.9424636924
1.530000,-1.9434432000,3.7769722223,14.2655305052,0.9843855977,0.9690150539,0.9389903642
1.540000,-1.9429440000,3.7750373881,14.2509978163,0.9839599967,0.9681777140,0.9373697849
1.550000,-1.9412704000,3.7685330704,14.2018762379,0.9836160183,0.9675005853,0.9360578232
1.560000,-1.9380576000,3.7560678234,14.1080539447,0.9826704025,0.9656411589,0.9324629979
1.570000,-1.9354304000,3.7458934179,14.0317562165,0.9817647934,0.9638623781,0.9290317187
1.580000,-1.9333056000,3.7376758418,13.9702998933,0.9811279893,0.9626127048,0.9266254266
1.590000,-1.9302944000,3.7260388363,13.8834006608,0.9802608013,0.9609115758,0.9233523525
1.600000,-1.9286496000,3.7196907187,13.8361204548,0.9798224092,0.9600522208,0.9217012930
1.610000,-1.9252608000,3.7066297315,13.7391126154,0.9786559939,0.9577676161,0.9173190424
1.620000,-1.9213056000,3.6914177457,13.6266024402,0.9773824096,0.9552769489,0.9125562436
1.630000,-1.9193024000,3.6837233104,13.5698411234,0.9769439936,0.9544197707,0.9109178781
1.640000,-1.9164416000,3.6727508168,13.4891339942,0.9760463953,0.9526667091,0.9075744050
1.650000,-1.9131808000,3.6602631710,13.3975615523,0.9750288010,0.9506814672,0.9037964093
1.660000,-1.9099936000,3.6480761342,13.3084679740,0.9738719821,0.9484266638,0.8995132361
1.670000,-1.9078688000,3.6399659614,13.2493900996,0.9733376026,0.9473863747,0.8975420267
1.680000,-1.9040864000,3.6255458409,13.1445945627,0.9720911980,0.9449613641,0.8929522325
1.690000,-1.9016832000,3.6164010946,13.0783872658,0.9712752104,0.9433759729,0.8899598809
1.700000,-1.8977792000,3.6015672416,12.9713060402,0.9700031996,0.9409062803,0.8853049036
1.710000,-1.8950976000,3.5913953516,12.8981268623,0.9689503908,0.9388649964,0.8814679941
1.720000,-1.8904832000,3.5739306307,12.7730359450,0.9675871849,0.9362251648,0.8765183247
1.730000,-1.8884928000,3.5664063373,12.7192724502,0.9670384049,0.9351635082,0.8745316528
1.740000,-1.8829760000,3.5456027069,12.5713565416,0.9650304079,0.9312845739,0.8672942554
1.750000,-1.8820224000,3.5420166781,12.5460006798,0.9647904158,0.9308211912,0.8664304914
1.760000,-1.8756000000,3.5178783528,12.3755102088,0.9624911904,0.9263897787,0.8581998271
1.770000,-1.8739776000,3.5117955026,12.3327561632,0.9622079968,0.9258447187,0.8571902553
1.780000,-1.8699424000,3.4966879821,12.2268744665,0.9606400013,0.9228295537,0.8516156464
1.790000,-1.8622496000,3.4679758284,12.0268876305,0.9577584028,0.9173014239,0.8414428766
1.800000,-1.8590976000,3.4562509319,11.9457679658,0.9566959977,0.9152682561,0.8377197299
1.810000,-1.8532768000,3.4346403439,11.7968291532,0.9544895887,0.9110508976,0.8300156415
1.820000,-1.8506112000,3.4247723539,11.7292099579,0.9539775968,0.9100746325,0.8282408497
1.830000,-1.8464128000,3.4092495178,11.6231088817,0.9522655964,0.9068108671,0.8223099409
1.840000,-1.8391424000,3.3824469797,11.4409775212,0.9494816065,0.9015155410,0.8127310641
1.850000,-1.8366496000,3.3732835732,11.3790666136,0.9486575961,0.8999516881,0.8099146739
1.860000,-1.8292096000,3.3460163174,11.1959398064,0.9458192110,0.8945756308,0.8002714633
1.870000,-1.8265984000,3.3364664430,11.1320713669,0.9450464010,0.8931133910,0.7976539971
1.880000,-1.8184896000,3.3069075130,10.9356781320,0.9414623976,0.8863521608,0.7856226866
1.890000,-1.8156608000,3.2966391681,10.8680278900,0.9405407906,0.8846197976,0.7825621522
1.900000,-1.8104352000,3.2776804586,10.7432527200,0.9384063840,0.8806082292,0.7754768037
1.910000,-1.8043488000,3.2556804834,10.5995321724,0.9363536000,0.8767598245,0.7687139668
1.920000,-1.7982464000,3.2336925476,10.4567989406,0.9337679982,0.8719228391,0.7602500117
1.930000,-1.7904192000,3.2056081437,10.2760164543,0.9306735992,0.8661549780,0.7502300938
1.940000,-1.7862496000,3.1906889922,10.1805135909,0.9286015987,0.8623018888,0.7435678551
1.950000,-1.7792256000,3.1656541733,10.0214985682,0.9258464098,0.8571939177,0.7347894503
1.960000,-1.7717696000,3.1391772786,9.8545567209,0.9229375839,0.8518141936,0.7255888174
1.970000,-1.7655040000,3.1170092508,9.7158074835,0.9194447994,0.8453796081,0.7146696211
1.980000,-1.7609216000,3.1008457429,9.6152550034,0.9188912034,0.8443611469,0.7129460948
1.990000,-1.7515296000,3.0678718244,9.4120328141,0.9143584013,0.8360552360,0.6990015885
2.000000,-1.7455072000,3.0468009799,9.2830643261,0.9108080029,0.8295719957,0.6881922776
2.010000,-1.7372704000,3.0181145245,9.1090887501,0.9076320052,0.8237967335,0.6786439474
2.020000,-1.7317888000,2.9990966342,8.9946308244,0.9042207956,0.8176195907,0.6685159605
2.030000,-1.7243296000,2.9733367726,8.8410193406,0.9016368151,0.8129567733,0.6609241744
2.040000,-1.7123872000,2.9322719277,8.5982421584,0.8946895957,0.8004710385,0.6407588931
2.050000,-1.7079168000,2.9169835802,8.5088373328,0.8935872197,0.7984992069,0.6376044575
2.060000,-1.6967840000,2.8790919175,8.2893543318,0.8879584074,0.7884797289,0.6217305329
2.070000,-1.6912896000,2.8604752258,8.1824868776,0.8845120072,0.7823625724,0.6120945825
2.080000,-1.6797024000,2.8214442725,7.9610461147,0.8798160076,0.7740901114,0.5992585887
2.090000,-1.6717952000,2.7949052393,7.8115630291,0.8747392058,0.7651711369,0.5854943989
2.100000,-1.6664640000,2.7771129028,7.7124742005,0.8719727993,0.7603381741,0.5781190419
2.110000,-1.6497216000,2.7216003424,7.4073153875,0.8604159951,0.7403259747,0.5481130748
2.120000,-1.6454272000,2.7074541014,7.3305609002,0.8577136040,0.7356766610,0.5412319935
2.130000,-1.6300864000,2.6571993325,7.0608955907,0.8490000010,0.7208098883,0.5195925188
2.140000,-1.6213856000,2.6289056272,6.9112960055,0.8455232024,0.7149169424,0.5111275726
2.150000,-1.6144320000,2.6063928873,6.7933068437,0.8392128110,0.7042790652,0.4960116024
2.160000,-1.6024288000,2.5677895878,6.5936616660,0.8318464041,0.6919705405,0.4788290337
2.170000,-1.5854720000,2.5137250230,6.3188493080,0.8218047976,0.6753690946,0.4561395520
2.180000,-1.5762112000,2.4844681634,6.1728449297,0.8155807972,0.6651910055,0.4425296917
2.190000,-1.5618368000,2.4393426865,5.9504755828,0.8027759910,0.6444559645,0.4153406412
2.200000,-1.5484192000,2.3976129081,5.7486522428,0.7920176029,0.6272949515,0.3935066641
2.210000,-1.5321344000,2.3474710459,5.5109525538,0.7745407939,0.5999555255,0.3600476399
2.220000,-1.5188224000,2.3068401729,5.3216838245,0.7640895963,0.5838470143,0.3409102068
2.230000,-1.5038080000,2.2614504936,5.1142664729,0.7452064037,0.5553445483,0.3084342035
2.240000,-1.4877760000,2.2134859379,4.8995953734,0.7224735975,0.5219822573,0.2724950897
2.250000,-1.4789728000,2.1874098913,4.7851930430,0.7190447927,0.5170715717,0.2674577679
2.260000,-1.4593888000,2.1298387173,4.5364088617,0.7057775974,0.4981821546,0.2483052886
2.270000,-1.4426912000,2.0813875232,4.3324215201,0.6788352013,0.4608370022,0.2124074345
2.280000,-1.4238368000,2.0273513769,4.1104789620,0.6561951995,0.4306429218,0.1855404317
2.290000,-1.4087072000,1.9844884210,3.9384516390,0.6334656000,0.4013416573,0.1611770236
2.300000,-1.3915712000,1.9364963263,3.7502185575,0.6135775924,0.3765955649,0.1420009434
2.310000,-1.3665344000,1.8674550352,3.4876796001,0.5560303926,0.3094282220,0.0960728268
2.320000,-1.3467008000,1.8136159469,3.2892965573,0.5122351885,0.2625771092,0.0691507194
2.330000,-1.3311872000,1.7720693419,3.1403006176,0.4763200045,0.2269553705,0.0515754959
2.340000,-1.3071936000,1.7087635549,2.9199307438,0.4273295939,0.1826575816,0.0333982967
2.350000,-1.2869952000,1.6563801715,2.7437513855,0.3715328038,0.1383181597,0.0192862542
2.360000,-1.2666368000,1.6043973021,2.5742735840,0.2839023948,0.0808088603,0.0065976560
2.370000,-1.2495040000,1.5612665998,2.4375930677,0.2303615987,0.0532018931,0.0028594562
2.380000,-1.2284480000,1.5090906109,2.2773914068,0.1587008029,0.0257822705,0.0007280122
2.390000,-1.2156352000,1.4777828359,2.1839243608,0.1218543991,0.0148571555,0.0002212455
2.400000,-1.2049504000,1.4519422210,2.1083487557,0.1094896004,0.0121162904,0.0001530414
2.410000,-1.1950400000,1.4281304727,2.0396130825,0.0831871986,0.0069584421,0.0000494909
2.420000,-1.1860640000,1.4067674507,1.9791057314,0.0643712014,0.0041587914,0.0000175511
2.430000,-1.1762688000,1.3836183940,1.9144557873,0.0545616001,0.0030412433,0.0000100086
2.440000,-1.1622400000,1.3508034537,1.8246788225,0.0466799997,0.0023436825,0.0000069449
2.450000,-1.1496736000,1.3217755806,1.7472293614,0.0112063999,0.0001803166,0.0000000741
2.460000,-1.1390240000,1.2974031793,1.6833975565,0.0313728005,0.0010378770,0.0000012791
2.470000,-1.1357312000,1.2898900552,1.6638406374,0.0046767999,0.0000271133,0.0000000013
2.480000,-1.1202560000,1.2549813973,1.5750179653,0.0098127998,0.0001078158,0.0000000154
2.490000,-1.1170464000,1.2478021945,1.5570580590,0.0244464001,0.0006848640,0.0000006449
2.500000,-1.1058720000,1.2229613025,1.4956756438,0.0195135999,0.0004495658,0.0000002717
2.510000,-1.0970656000,1.2035580024,1.4485762602,0.0070160001,0.0000664088,0.0000000077
2.520000,-1.0879232000,1.1835831441,1.4008986704,0.0078112002,0.0000753008,0.0000000099
2.530000,-1.0810912000,1.1687844222,1.3661795434,0.0053840000,0.0000446757,0.0000000043
2.540000,-1.0740032000,1.1534869646,1.3305510997,0.0235408004,0.0006400384,0.0000005204
2.550000,-1.0674752000,1.1395205388,1.2985855016,0.0062416001,0.0000506034,0.0000000049
2.560000,-1.0636992000,1.1314693225,1.2802831865,0.0115488000,0.0001442121,0.0000000252
2.570000,-1.0504544000,1.1034595816,1.2176456853,0.0065808000,0.0000604969,0.0000000079
2.580000,-1.0417088000,1.0851738358,1.1776743098,0.0066496002,0.0000841266,0.0000000258
2.590000,-1.0366400000,1.0746535898,1.1550147411,0.0106176001,0.0001928323,0.0000000999
2.600000,-1.0285792000,1.0579860406,1.1193803378,0.0058096000,0.0000476971,0.0000000043
2.610000,-1.0230144000,1.0465794846,1.0954169123,0.0034207999,0.0000142861,0.0000000003
2.620000,-1.0135712000,1.0273301096,1.0554216816,0.0065344000,0.0000533877,0.0000000051
2.630000,-1.0113440000,1.0228259650,1.0462110480,0.0114928000,0.0001675770,0.0000000459
2.640000,-1.0031776000,1.0063774653,1.0128447267,0.0078272000,0.0000830172,0.0000000179
2.650000,-0.9958400000,0.9917281178,0.9836463710,0.0059295999,0.0000452896,0.0000000035
2.660000,-0.9918144000,0.9837105694,0.9677446271,0.0079071999,0.0001007209,0.0000000252
2.670000,-0.9829472000,0.9662051027,0.9336295534,0.0117007998,0.0001871202,0.0000000629
2.680000,-0.9775392000,0.9555972072,0.9132209406,0.0092000001,0.0001394354,0.0000000452
2.690000,-0.9702784000,0.9414531898,0.8863831893,0.0071632001,0.0000782645,0.0000000109
2.700000,-0.9621344000,0.9257115852,0.8569750796,0.0093135998,0.0001195872,0.0000000311
2.710000,-0.9557536000,0.9134907701,0.8345602906,0.0048288001,0.0000316846,0.0000000018
2.720000,-0.9539104000,0.9099590277,0.8280765609,0.0114096003,0.0001636849,0.0000000480
2.730000,-0.9509344000,0.9042823663,0.8177487776,0.0082016001,0.0001148951,0.0000000311
2.740000,-0.9412960000,0.8860810135,0.7852917696,0.0094688000,0.0001190751,0.0000000220
2.750000,-0.9379584000,0.8797895719,0.7741131100,0.0101519999,0.0001116229,0.0000000154
2.760000,-0.9308352000,0.8664686164,0.7508179259,0.0157536003,0.0002735371,0.0000000971
2.770000,-0.9261536000,0.8577747830,0.7358267680,0.0106640000,0.0001410163,0.0000000351
2.780000,-0.9157600000,0.8386279407,0.7033356649,0.0066399999,0.0000558581,0.0000000042
2.790000,-0.9153248000,0.8378356320,0.7020224687,0.0068848000,0.0001083713,0.0000000404
2.800000,-0.9069760000,0.8226084746,0.6766945990,0.0095216000,0.0001291326,0.0000000366
2.810000,-0.9038016000,0.8168677891,0.6673071513,0.0068944001,0.0000554339,0.0000000045
2.820000,-0.8978624000,0.8061626844,0.6499169545,0.0051680000,0.0000449598,0.0000000047
2.830000,-0.8965952000,0.8039006273,0.6463131704,0.0033248000,0.0000167191,0.0000000007
2.840000,-0.8898880000,0.7919101770,0.6271519296,0.0138191998,0.0002418275,0.0000000825
2.850000,-0.8835872000,0.7807333941,0.6095665839,0.0038064001,0.0000177503,0.0000000005
2.860000,-0.8790816000,0.7727973980,0.5972556260,0.0038848000,0.0000219326,0.0000000010
2.870000,-0.8735040000,0.7630170266,0.5822187565,0.0080655999,0.0001142990,0.0000000379
2.880000,-0.8706368000,0.7580189947,0.5746247048,0.0053056000,0.0000591511,0.0000000137
2.890000,-0.8625120000,0.7439302010,0.5534418081,0.0104112001,0.0001497375,0.0000000457
2.900000,-0.8587776000,0.7375114473,0.5439598126,0.0047375999,0.0000466754,0.0000000056
2.910000,-0.8577280000,0.7357014896,0.5412689217,0.0025248000,0.0000076233,0.0000000001
2.920000,-0.8519968000,0.7259092339,0.5269752130,0.0043199999,0.0000240088,0.0000000011
2.930000,-0.8454432000,0.7147972039,0.5110004802,0.0065024000,0.0000672975,0.0000000117
2.940000,-0.8430880000,0.7108048146,0.5052646312,0.0099920003,0.0001016180,0.0000000110
2.950000,-0.8402432000,0.7060224412,0.4985066937,0.0061952001,0.0000455492,0.0000000031
2.960000,-0.8343488000,0.6961530995,0.4846712087,0.0049248000,0.0000268282,0.0000000010
2.970000,-0.8229952000,0.6773520796,0.4588905269,0.0056640000,0.0000386296,0.0000000021
2.980000,-0.8288256000,0.6869590470,0.4719324880,0.0052048000,0.0000438423,0.0000000048
2.990000,-0.8214816000,0.6748475560,0.4554611618,0.0036944000,0.0000158773,0.0000000004
3.000000,-0.8201280000,0.6726210040,0.4524488730,0.0072464000,0.0000680979,0.0000000091
