# Temp,E,E^2,E^4,M,M^2,M^4
1.500000,-1.9510200000,3.8064832580,14.4893790233,0.9862600088,0.9727093964,0.9461658710
1.510000,-1.9475800000,3.7930724380,14.3874679974,0.9854299903,0.9710726893,0.9429838127
1.520000,-1.9483400000,3.7960401340,14.4100934611,0.9856300116,0.9714671243,0.9437507234
1.530000,-1.9464400000,3.7886330480,14.3538066892,0.9851599932,0.9705405736,0.9419504078
1.540000,-1.9413400000,3.7688074460,14.2040067534,0.9836300135,0.9675288880,0.9361155688
1.550000,-1.9383400000,3.7571628100,14.1162852218,0.9825999975,0.9655030461,0.9321972561
1.560000,-1.9363600000,3.7494991160,14.0588796913,0.9823400021,0.9649931791,0.9312168538
1.570000,-1.9379000000,3.7554579420,14.1034873787,0.9825300097,0.9653652877,0.9319303996
1.580000,-1.9351400000,3.7447859020,14.0237068080,0.9818799973,0.9640901306,0.9294767207
1.590000,-1.9313400000,3.7300984820,13.9139976106,0.9803200006,0.9610297102,0.9235873728
1.600000,-1.9276400000,3.7158273000,13.8078393416,0.9797299981,0.9598737358,0.9213686121
1.610000,-1.9235600000,3.7001074720,13.6911565576,0.9782600045,0.9569942198,0.9158440002
1.620000,-1.9196200000,3.6849639620,13.5792988964,0.9770699859,0.9546673189,0.9113956513
1.630000,-1.9208200000,3.6895552740,13.6129038959,0.9775499940,0.9556049097,0.9131842599
1.640000,-1.9195600000,3.6847159080,13.5772095468,0.9768900037,0.9543147357,0.9107191175
1.650000,-1.9125600000,3.6578932240,13.3802920928,0.9749400139,0.9505087121,0.9034694017
1.660000,-1.9123200000,3.6569727160,13.3735216714,0.9744900107,0.9496313634,0.9018019407
1.670000,-1.9108200000,3.6512426700,13.3317132834,0.9741700053,0.9490081279,0.9006199505
1.680000,-1.9019400000,3.6173793380,13.0854849325,0.9714099884,0.9436379310,0.8904546774
1.690000,-1.8965400000,3.5968899500,12.9379912334,0.9703399897,0.9415630929,0.8865538567
1.700000,-1.8961400000,3.5953988100,12.9276405161,0.9692499995,0.9394502445,0.8825843597
1.710000,-1.8960200000,3.5949025660,12.9234785777,0.9693500042,0.9396406156,0.8829289369
1.720000,-1.8908800000,3.5754604840,12.7843933934,0.9679199934,0.9368728382,0.8777446582
1.730000,-1.8862800000,3.5580556360,12.6598082911,0.9659500122,0.9330600191,0.8706032140
1.740000,-1.8845400000,3.5515107980,12.6135102503,0.9659399986,0.9330424283,0.8705769342
1.750000,-1.8834800000,3.5475448440,12.5857540214,0.9653100014,0.9318313562,0.8683392994
1.760000,-1.8768200000,3.5224954140,12.4085679055,0.9626399994,0.9266806158,0.8587549512
1.770000,-1.8668600000,3.4851862340,12.1468014048,0.9594799876,0.9206041313,0.8475203843
1.780000,-1.8689600000,3.4930570080,12.2020807996,0.9608399987,0.9232212306,0.8523658613
1.790000,-1.8629800000,3.4707257940,12.0463728634,0.9584899902,0.9187069087,0.8440365411
1.800000,-1.8552600000,3.4420459500,11.8484581900,0.9551700115,0.9123601376,0.8324389646
1.810000,-1.8539600000,3.4371826240,11.8144295859,0.9546900034,0.9114357440,0.8307250984
1.820000,-1.8573800000,3.4499094740,11.9025483820,0.9563899994,0.9146939604,0.8367091985
1.830000,-1.8466800000,3.4102709240,11.6305463681,0.9518700004,0.9060618432,0.8209674282
1.840000,-1.8403400000,3.3868786500,11.4713175843,0.9494899988,0.9015356633,0.8127824516
1.850000,-1.8388800000,3.3815484760,11.4358028069,0.9496100068,0.9017672494,0.8132133906
1.860000,-1.8264400000,3.3358972280,11.1283991411,0.9445099950,0.8921012320,0.7958521095
1.870000,-1.8270000000,3.3379497080,11.1421845204,0.9448099971,0.8926703290,0.7968760014
1.880000,-1.8155400000,3.2962066220,10.8652564674,0.9410300136,0.8855394700,0.7841871732
1.890000,-1.8130600000,3.2872995740,10.8078232586,0.9403400064,0.8842501740,0.7819367245
1.900000,-1.8049000000,3.2576970100,10.6130200104,0.9373100042,0.8785568115,0.7718858637
1.910000,-1.8043600000,3.2557700760,10.6007516096,0.9366499901,0.8773243460,0.7697369309
1.920000,-1.7933000000,3.2159483420,10.3426256576,0.9318899989,0.8684238485,0.7541769238
1.930000,-1.7897800000,3.2033303620,10.2615550230,0.9296899915,0.8643295126,0.7470863631
1.940000,-1.7851600000,3.1868410920,10.1565290330,0.9291800022,0.8633863781,0.7454736079
1.950000,-1.7807800000,3.1712754860,10.0582310558,0.9273800015,0.8600549239,0.7397675194
1.960000,-1.7680400000,3.1260369000,9.7730017454,0.9200800061,0.8465705733,0.7167606679
1.970000,-1.7548200000,3.0794536140,9.4837743820,0.9141700029,0.8357177069,0.6984604485
1.980000,-1.7606000000,3.0997317440,9.6085771900,0.9168999910,0.8407099505,0.7068078610
1.990000,-1.7598600000,3.0971356940,9.5926012193,0.9188199997,0.8442398884,0.7127735978
2.000000,-1.7500200000,3.0626551900,9.3809032007,0.9123399973,0.8323871521,0.6929446581
2.010000,-1.7354600000,3.0118693300,9.0719341744,0.9068899989,0.8224575845,0.6764631856
2.020000,-1.7318600000,2.9993838540,8.9968389056,0.9060400009,0.8209246207,0.6739701562
2.030000,-1.7212400000,2.9627206920,8.7783487646,0.8989300132,0.8081026751,0.6531186610
2.040000,-1.7213200000,2.9629659320,8.7794442710,0.9019899964,0.8135884271,0.6619341900
2.050000,-1.7109400000,2.9273997500,8.5706581434,0.8962899923,0.8033578517,0.6454552452
2.060000,-1.6976200000,2.8819748180,8.3064849210,0.8879700065,0.7885169589,0.6218413118
2.070000,-1.6860200000,2.8426873420,8.0811435416,0.8835500121,0.7806707030,0.6094781759
2.080000,-1.6862600000,2.8435774300,8.0871248133,0.8844399929,0.7822846436,0.6121266733
2.090000,-1.6668800000,2.7785687160,7.7213340991,0.8710099936,0.7586943382,0.5757269906
2.100000,-1.6598400000,2.7551907960,7.5924146093,0.8691100121,0.7553887825,0.5707218835
2.110000,-1.6605400000,2.7574554660,7.6042464488,0.8699100018,0.7567672816,0.5727689750
2.120000,-1.6503400000,2.7236464580,7.4185148143,0.8612800002,0.7418243624,0.5503656946
2.130000,-1.6421200000,2.6965746840,7.2716940532,0.8624199986,0.7437768027,0.5532293273
2.140000,-1.6294400000,2.6551717920,7.0509683484,0.8477900147,0.7187854545,0.5167607679
2.150000,-1.6024000000,2.5677222640,6.5935718936,0.8316199899,0.6916099793,0.4783749773
2.160000,-1.5993000000,2.5578286460,6.5431882847,0.8312399983,0.6910278662,0.4777089308
2.170000,-1.5801600000,2.4969478360,6.2351702705,0.8259799957,0.6822714978,0.4655724082
2.180000,-1.5690800000,2.4620716160,6.0623842866,0.8124500036,0.6601296586,0.4359152821
2.190000,-1.5633000000,2.4439529260,5.9733566513,0.7976699948,0.6363895633,0.4052773264
2.200000,-1.5527400000,2.4110795620,5.8140593090,0.7908399820,0.6255114476,0.3914729102
2.210000,-1.5297800000,2.3402531100,5.4770307346,0.7623500109,0.5811925590,0.3378197408
2.220000,-1.5143400000,2.2933457060,5.2605399959,0.7534700036,0.5677815618,0.3225218508
2.230000,-1.5128600000,2.2888433860,5.2396994764,0.7687299967,0.5909749755,0.3493204224
2.240000,-1.4929800000,2.2292535340,4.9719194482,0.7373600125,0.5440324552,0.2966994603
2.250000,-1.4836000000,2.2013141640,4.8479660521,0.7327499986,0.5370738491,0.2887803210
2.260000,-1.4593200000,2.1297109800,4.5364917112,0.7062399983,0.4987930746,0.2488306730
2.270000,-1.4504800000,2.1039550440,4.4271537507,0.6914800048,0.4782434786,0.2289027212
2.280000,-1.4151200000,2.0028836840,4.0141135446,0.6500000000,0.4227735840,0.1791920392
2.290000,-1.4021200000,1.9659748000,3.8653278898,0.6202600002,0.3848631151,0.1483358380
2.300000,-1.3646000000,1.8622221640,3.4685328685,0.5493499994,0.3022807168,0.0919918662
2.310000,-1.3414600000,1.7995470420,3.2386009634,0.4687199950,0.2198691244,0.0484934961
2.320000,-1.3398400000,1.7952205960,3.2231720534,0.4889900029,0.2393007875,0.0574474078
2.330000,-1.3366800000,1.7867371840,3.1926001354,0.4885199964,0.2389502923,0.0573841951
2.340000,-1.2978800000,1.6846444200,2.8390577881,0.3794599950,0.1450730870,0.0217387065
2.350000,-1.2827400000,1.6455985660,2.7091678374,0.3346100032,0.1124121510,0.0128354764
2.360000,-1.2545200000,1.5739158560,2.4778126015,0.2480400056,0.0618450887,0.0039064366
2.370000,-1.2396600000,1.5368196380,2.3621998144,0.1437399983,0.0213338724,0.0005110936
2.380000,-1.2305200000,1.5143499080,2.2942865559,0.0875600010,0.0078729242,0.0000677202
2.390000,-1.2218800000,1.4932608200,2.2314428593,0.0539300006,0.0034499255,0.0000203598
2.400000,-1.1835600000,1.4008776320,1.9628158146,0.0388900008,0.0017844316,0.0000051649
2.410000,-1.1891400000,1.4141161500,2.0000776219,0.0386500003,0.0019300175,0.0000063908
2.420000,-1.1836600000,1.4011231100,1.9635515001,0.0652400006,0.0048027810,0.0000316321
2.430000,-1.1653000000,1.3579789380,1.8444039663,0.0492400002,0.0030218730,0.0000159909
2.440000,-1.1641000000,1.3551892980,1.8368683374,0.0525500000,0.0029797055,0.0000112941
2.450000,-1.1534000000,1.3303827240,1.7701906440,0.0532000013,0.0029422262,0.0000099227
2.460000,-1.1444800000,1.3099730400,1.7167565382,0.0190500000,0.0007373635,0.0000014578
2.470000,-1.1191000000,1.2525297420,1.5695635380,0.0541600004,0.0034765991,0.0000171008
2.480000,-1.1156400000,1.2448349640,1.5505359953,0.0133600001,0.0003549680,0.0000004497
2.490000,-1.1202400000,1.2550471400,1.5756942095,0.0661300004,0.0046328565,0.0000256957
2.500000,-1.1005600000,1.2112704160,1.4673604300,0.0411200009,0.0025180851,0.0000131789
2.510000,-1.1054800000,1.2221011080,1.4936047405,0.0204999996,0.0007856750,0.0000014796
2.520000,-1.0962400000,1.2018460880,1.4449366023,0.0122400000,0.0003160360,0.0000003613
2.530000,-1.0807600000,1.1681364560,1.3649809921,0.0345599998,0.0014438870,0.0000036544
2.540000,-1.0752000000,1.1561656640,1.3372329735,0.0168100002,0.0004506875,0.0000004455
2.550000,-1.0601400000,1.1239377380,1.2634208816,0.0659499988,0.0046714653,0.0000275654
2.560000,-1.0613600000,1.1265975040,1.2697282469,0.0293899994,0.0010200434,0.0000014609
2.570000,-1.0592200000,1.1220240220,1.2592807214,0.0120599999,0.0002081490,0.0000000784
2.580000,-1.0473000000,1.0969807860,1.2039954106,0.0234199996,0.0007553990,0.0000009069
2.590000,-1.0346600000,1.0706830460,1.1470565984,0.0143600003,0.0002371170,0.0000000800
2.600000,-1.0336200000,1.0685789660,1.1427638764,0.0458699998,0.0026058505,0.0000098575
2.610000,-1.0180200000,1.0364438660,1.0745461062,0.0283000001,0.0009956150,0.0000013700
2.620000,-1.0179400000,1.0362111460,1.0737719929,0.0276600000,0.0010693930,0.0000018710
2.630000,-1.0092800000,1.0187007240,1.0379731247,0.0318500001,0.0014900135,0.0000048915
2.640000,-0.9931400000,0.9863499220,0.9729766936,0.0287900003,0.0009905305,0.0000014434
2.650000,-0.9902600000,0.9806648660,0.9618999759,0.0098700001,0.0002330515,0.0000002208
2.660000,-0.9877400000,0.9757954020,0.9528141811,0.0138300000,0.0002108615,0.0000000627
2.670000,-0.9863800000,0.9730216900,0.9470651387,0.0240399999,0.0007544850,0.0000009445
2.680000,-0.9707400000,0.9423685060,0.8881799182,0.0077399999,0.0001049290,0.0000000332
2.690000,-0.9738800000,0.9486140440,0.9005160636,0.0221000001,0.0006881600,0.0000010366
2.700000,-0.9723800000,0.9456326460,0.8946347286,0.0197599998,0.0005889090,0.0000006635
2.710000,-0.9506200000,0.9037391980,0.8169646726,0.0164499999,0.0004045745,0.0000003399
2.720000,-0.9556600000,0.9132924020,0.8341262641,0.0248900002,0.0008649395,0.0000014440
2.730000,-0.9447400000,0.8925589260,0.7967516022,0.0159399999,0.0003913030,0.0000003694
2.740000,-0.9414200000,0.8862910860,0.7855808286,0.0118599998,0.0001941460,0.0000000784
2.750000,-0.9421000000,0.8875707980,0.7878473648,0.0198800007,0.0006262930,0.0000007129
2.760000,-0.9302600000,0.8655374700,0.7496919673,0.0129699999,0.0002852975,0.0000002167
2.770000,-0.9246000000,0.8549724080,0.7312755734,0.0167700002,0.0003102905,0.0000001246
2.780000,-0.9274200000,0.8602019500,0.7402677888,0.0200300001,0.0005562935,0.0000007990
2.790000,-0.9158200000,0.8388271820,0.7039698765,0.0283399994,0.0010578890,0.0000020718
2.800000,-0.9049200000,0.8189238680,0.6707789011,0.0218000000,0.0007589710,0.0000012913
2.810000,-0.9001800000,0.8104009220,0.6569979034,0.0221399997,0.0006359690,0.0000006621
2.820000,-0.8964200000,0.8036198060,0.6459675942,0.0236200003,0.0007696130,0.0000011871
2.830000,-0.8968000000,0.8043427560,0.6472668362,0.0186700006,0.0010395846,0.0000049753
2.840000,-0.8958200000,0.8025399500,0.6442200903,0.0194699998,0.0005723155,0.0000006602
2.850000,-0.8810600000,0.7764197860,0.6033050307,0.0088600000,0.0000941510,0.0000000152
2.860000,-0.8736400000,0.7632865520,0.5827281571,0.0174599998,0.0003855490,0.0000002128
2.870000,-0.8760800000,0.7676429800,0.5896692037,0.0184500000,0.0004339645,0.0000003396
2.880000,-0.8698800000,0.7568102480,0.5731194550,0.0200199997,0.0004789670,0.0000003341
2.890000,-0.8645600000,0.7475134240,0.5589238393,0.0099900002,0.0001396285,0.0000000423
2.900000,-0.8603600000,0.7402741800,0.5481682236,0.0162700000,0.0004326795,0.0000004068
2.910000,-0.8569400000,0.7343997700,0.5395004998,0.0129600000,0.0001910280,0.0000000500
2.920000,-0.8478200000,0.7188317580,0.5168137057,0.0030500000,0.0000176585,0.0000000009
2.930000,-0.8421000000,0.7091700620,0.5030280863,0.0078199999,0.0001528480,0.0000000919
2.940000,-0.8431200000,0.7108762680,0.5054160048,0.0155600006,0.0004391610,0.0000004871
2.950000,-0.8387600000,0.7035862040,0.4952243190,0.0080899999,0.0000954545,0.0000000186
2.960000,-0.8306600000,0.6900281700,0.4762267720,0.0154300001,0.0003034795,0.0000001475
2.970000,-0.8317800000,0.6919365700,0.4789937056,0.0072400001,0.0000644940,0.0000000070
2.980000,-0.8266800000,0.6835076880,0.4674772676,0.0128900002,0.0003066305,0.0000002351
2.990000,-0.8265400000,0.6832197740,0.4669306157,0.0127099997,0.0002063855,0.0000000661
3.000000,-0.8203000000,0.6729744500,0.4531173278,0.0110000001,0.0001514350,0.0000000337
