# Temp,E,E^2,E^4,M,M^2,M^4
1.500000,-1.9518500434,3.8097201652,14.5139916895,0.9867268920,0.9736300549,0.9479558559
1.510000,-1.9496365017,3.8010834616,14.4482502693,0.9861518025,0.9724954802,0.9457478580
1.520000,-1.9467610677,3.7898798888,14.3632082711,0.9852213502,0.9706612064,0.9421835563
1.530000,-1.9448459201,3.7824260856,14.3067536362,0.9846706867,0.9695764259,0.9400786959
1.540000,-1.9429741753,3.7751575162,14.2519483244,0.9842203856,0.9686905627,0.9383644894
1.550000,-1.9407172309,3.7663840184,14.1856583364,0.9832709312,0.9668218700,0.9347450920
1.560000,-1.9388400608,3.7591031038,14.1308910757,0.9828748941,0.9660432201,0.9332401314
1.570000,-1.9340711806,3.7406356211,13.9924190248,0.9814181805,0.9631822131,0.9277221642
1.580000,-1.9348687066,3.7437174578,14.0154285801,0.9816162109,0.9635704332,0.9284681630
1.590000,-1.9289822049,3.7209742943,13.8456786840,0.9798014402,0.9600109985,0.9216216399
1.600000,-1.9273274740,3.7145939578,13.7982493270,0.9793131471,0.9590544691,0.9197863535
1.610000,-1.9263020833,3.7106410324,13.7688764122,0.9790120482,0.9584647443,0.9186552554
1.620000,-1.9207790799,3.6894019221,13.6118289118,0.9774305582,0.9553714987,0.9127385303
1.630000,-1.9203721788,3.6878329432,13.6001654618,0.9772271037,0.9549731086,0.9119747697
1.640000,-1.9184733073,3.6805420956,13.5464234358,0.9765706420,0.9536905304,0.9095268157
1.650000,-1.9135470920,3.6616671820,13.4078755822,0.9750949264,0.9508107210,0.9040433322
1.660000,-1.9104600694,3.6498586899,13.3214832369,0.9739854693,0.9486477854,0.8999329660
1.670000,-1.9099989149,3.6480993093,13.3086789337,0.9738796711,0.9484419402,0.8995433513
1.680000,-1.9065049913,3.6347658983,13.2115902145,0.9727539063,0.9462507066,0.8953924600
1.690000,-1.9015407986,3.6158628119,13.0745419817,0.9713595867,0.9435400301,0.8902699890
1.700000,-1.8993109809,3.6073882987,13.0133383252,0.9706841230,0.9422281836,0.8877958988
1.710000,-1.8952256944,3.5918851102,12.9017058615,0.9688313842,0.9386352910,0.8810401152
1.720000,-1.8887858073,3.5675159008,12.7272278570,0.9671576619,0.9353943324,0.8749640140
1.730000,-1.8876573351,3.5632513722,12.6967768456,0.9667833090,0.9346700405,0.8736083612
1.740000,-1.8833767361,3.5471109788,12.5820395722,0.9652859211,0.9317772629,0.8682101855
1.750000,-1.8790201823,3.5307185354,12.4659972491,0.9637451172,0.9288049642,0.8626798254
1.760000,-1.8758734809,3.5189107172,12.3828649245,0.9626139283,0.9266268138,0.8586418412
1.770000,-1.8707628038,3.4997622627,12.2484590218,0.9607340693,0.9230107185,0.8519516203
1.780000,-1.8670518663,3.4858898309,12.1515277897,0.9594102621,0.9204691614,0.8472675656
1.790000,-1.8611002604,3.4636957095,11.9972091535,0.9572970986,0.9164180565,0.8398232321
1.800000,-1.8578504774,3.4516342971,11.9141363960,0.9563937664,0.9146915698,0.8366699354
1.810000,-1.8566623264,3.4472005038,11.8832672719,0.9558051109,0.9135641146,0.8346019648
1.820000,-1.8483778212,3.4165058040,11.6725833838,0.9529893756,0.9081897801,0.8248124185
1.830000,-1.8436686198,3.3991174673,11.5540469945,0.9513210773,0.9050121369,0.8190482153
1.840000,-1.8409233941,3.3890018429,11.4853728026,0.9501030684,0.9026961223,0.8148613065
1.850000,-1.8346082899,3.3657970486,11.3287174774,0.9477267742,0.8981877795,0.8067475504
1.860000,-1.8297471788,3.3479777711,11.2089957450,0.9461263061,0.8951555488,0.8013054679
1.870000,-1.8271755642,3.3385763396,11.1461693495,0.9444308877,0.8919509782,0.7955810980
1.880000,-1.8211859809,3.3167241863,11.0007363862,0.9431179523,0.8894731142,0.7911682637
1.890000,-1.8176974826,3.3040370314,10.9168310002,0.9415771484,0.8865703922,0.7860172300
1.900000,-1.8062988281,3.2627230672,10.6454610418,0.9372233152,0.8783895745,0.7715753744
1.910000,-1.8045627170,3.2564511551,10.6045333972,0.9362358928,0.8765383785,0.7683220929
1.920000,-1.7993543837,3.2376878345,10.4827733352,0.9343315959,0.8729793490,0.7621062861
1.930000,-1.7905056424,3.2059329942,10.2782946459,0.9310438395,0.8668459765,0.7514335212
1.940000,-1.7874674479,3.1950408253,10.2082979910,0.9287923217,0.8626560008,0.7441782205
1.950000,-1.7788302951,3.1642492762,10.0126259299,0.9251871705,0.8559741995,0.7327017541
1.960000,-1.7716308594,3.1387137444,9.8519984549,0.9227945924,0.8515572326,0.7251747726
1.970000,-1.7642686632,3.1126540437,9.6887412916,0.9188015461,0.8441976568,0.7126743300
1.980000,-1.7596408420,3.0963526704,9.5876074392,0.9168348432,0.8405928285,0.7066187960
1.990000,-1.7537109375,3.0755106844,9.4588721605,0.9157660723,0.8386297778,0.7033075559
2.000000,-1.7446506076,3.0438364921,9.2653142727,0.9114447594,0.8307398110,0.6901560495
2.010000,-1.7348090278,3.0095770586,9.0577309446,0.9071153402,0.8228596429,0.6771026121
2.020000,-1.7331597222,3.0038531948,9.0232609636,0.9065592408,0.8218505759,0.6754413897
2.030000,-1.7246310764,2.9743679105,8.8470496053,0.9008762002,0.8115835825,0.6586862587
2.040000,-1.7161621094,2.9452258315,8.6745134150,0.8986083865,0.8075000245,0.6520659367
2.050000,-1.7079644097,2.9171478598,8.5098150924,0.8934949994,0.7983339782,0.6373392619
2.060000,-1.6955078125,2.8747657696,8.2644970480,0.8850531697,0.7833287332,0.6136340417
2.070000,-1.6853081597,2.8402719618,8.0672398901,0.8806613684,0.7755690841,0.6015218011
2.080000,-1.6825737847,2.8310763397,8.0152401685,0.8806722045,0.7755921630,0.6015701059
2.090000,-1.6699815538,2.7888578867,7.7779457532,0.8739230752,0.7637524873,0.5833512752
2.100000,-1.6594509549,2.7537993458,7.5836516986,0.8692789555,0.7556561623,0.5710472445
2.110000,-1.6537000868,2.7347725088,7.4795127843,0.8619629025,0.7429885029,0.5520570558
2.120000,-1.6380750868,2.6833070010,7.2003192280,0.8562066078,0.7330943798,0.5374409647
2.130000,-1.6319769965,2.6633774666,7.0938831895,0.8515245199,0.7251116102,0.5258378995
2.140000,-1.6244086372,2.6387480464,6.9634613526,0.8462022662,0.7160652436,0.5127693655
2.150000,-1.6120117187,2.5985994289,6.7529020653,0.8389621377,0.7038607118,0.4954290173
2.160000,-1.5994249132,2.5581637756,6.5442400077,0.8315348268,0.6914550320,0.4781235263
2.170000,-1.5803385417,2.4975076773,6.2379201752,0.8143256187,0.6631502086,0.4398316590
2.180000,-1.5761447483,2.4842444583,6.1715917196,0.8158013225,0.6655354317,0.4429470791
2.190000,-1.5677680122,2.4579456410,6.0419771822,0.8101209879,0.6563229111,0.4308301526
2.200000,-1.5559516059,2.4210176169,5.8616380810,0.7952256918,0.6324168705,0.4000345034
2.210000,-1.5309299045,2.3437612794,5.4933568394,0.7733317137,0.5980756853,0.3577755812
2.220000,-1.5240831163,2.3228715336,5.3961243199,0.7638210654,0.5834655290,0.3405318701
2.230000,-1.5030381944,2.2591887612,5.1045194885,0.7382215738,0.5450200766,0.2971534550
2.240000,-1.4867784288,2.2105426984,4.8867874524,0.7209391356,0.5198340780,0.2703936355
2.250000,-1.4721462674,2.1672347272,4.6970806576,0.7020019531,0.4928782243,0.2430685787
2.260000,-1.4471245660,2.0942240968,4.3862316234,0.6623236775,0.4387683171,0.1926854254
2.270000,-1.4401746962,2.0741745064,4.3027882432,0.6699137330,0.4489284875,0.2017942704
2.280000,-1.4222167969,2.0227865842,4.0923631931,0.6562283039,0.4307911521,0.1858538974
2.290000,-1.4120768229,1.9939821602,3.9761335635,0.6301269650,0.3970967093,0.1577439672
2.300000,-1.3872829861,1.9245777813,3.7041824630,0.5979953289,0.3576036022,0.1278877797
2.310000,-1.3667154948,1.8679658276,3.4897016840,0.5750379801,0.3307320681,0.1094680441
2.320000,-1.3505588108,1.8240537554,3.3274990327,0.5318033934,0.2831096975,0.0804828746
2.330000,-1.3290635851,1.7664307095,3.1204234630,0.4645263672,0.2159525315,0.0467796097
2.340000,-1.3038194444,1.7000029373,2.8904035567,0.4063964784,0.1654473251,0.0275621923
2.350000,-1.2847981771,1.6507595171,2.7253573583,0.3424831867,0.1173281744,0.0137814759
2.360000,-1.2624457465,1.5938220054,2.5406034460,0.2966932476,0.0880996441,0.0077870616
2.370000,-1.2419379340,1.5424322378,2.3792357363,0.2375108480,0.0573018681,0.0034695490
2.380000,-1.2342122396,1.5232961057,2.3205298218,0.1517686635,0.0234515998,0.0005909219
2.390000,-1.2142686632,1.4744775016,2.1742553342,0.1317816824,0.0174008897,0.0003053101
2.400000,-1.2107855903,1.4660182202,2.1493058139,0.0976779506,0.0097258715,0.0001005982
2.410000,-1.1958984375,1.4301917085,2.0455552510,0.0743869364,0.0055724216,0.0000319216
2.420000,-1.1801920573,1.3928716002,1.9401932530,0.0504801430,0.0026960246,0.0000086454
2.430000,-1.1722330729,1.3741470558,1.8883716109,0.0297363278,0.0009108512,0.0000009232
2.440000,-1.1605631510,1.3469151531,1.8142252658,0.0103108725,0.0001434403,0.0000000327
2.450000,-1.1501085069,1.3227818836,1.7499223294,0.0075954861,0.0000733691,0.0000000101
2.460000,-1.1459960938,1.3133405026,1.7250384512,0.0052598741,0.0000406511,0.0000000037
2.470000,-1.1307237413,1.2785580274,1.6348226331,0.0046712240,0.0000481081,0.0000000098
2.480000,-1.1251627604,1.2660062136,1.6028478236,0.0131917317,0.0002017793,0.0000000603
2.490000,-1.1105685764,1.2333759455,1.5212823944,0.0137261283,0.0002573785,0.0000001645
2.500000,-1.1042643229,1.2194206164,1.4870885897,0.0197292752,0.0005354191,0.0000005332
2.510000,-1.0979275174,1.2054657633,1.4532481782,0.0275607640,0.0008876955,0.0000010909
2.520000,-1.0932020399,1.1950913728,1.4282466058,0.0141004775,0.0002628666,0.0000001344
2.530000,-1.0818467882,1.1704462287,1.3701968474,0.0162000868,0.0003093510,0.0000001387
2.540000,-1.0731391059,1.1516452623,1.3263682687,0.0069308810,0.0000690279,0.0000000101
2.550000,-1.0614040799,1.1265849593,1.2692222697,0.0092339410,0.0001300562,0.0000000361
2.560000,-1.0607530382,1.1252176567,1.2662076901,0.0073052302,0.0000683578,0.0000000070
2.570000,-1.0509440104,1.1045089854,1.2200535715,0.0172336158,0.0004164060,0.0000004146
2.580000,-1.0485948351,1.0995711004,1.2091445468,0.0220865881,0.0005942462,0.0000005761
2.590000,-1.0362196181,1.0738069626,1.1533017782,0.0101616751,0.0001314870,0.0000000282
2.600000,-1.0290961372,1.0590647296,1.1217274869,0.0108696832,0.0001844019,0.0000000596
2.610000,-1.0187500000,1.0378656805,1.0772239419,0.0078260635,0.0000874335,0.0000000172
2.620000,-1.0120822483,1.0243796056,1.0496362316,0.0114583334,0.0001725058,0.0000000659
2.630000,-1.0075032552,1.0151170617,1.0306835551,0.0084445531,0.0000802632,0.0000000100
2.640000,-1.0004069010,1.0008519477,1.0018567984,0.0111979166,0.0001380963,0.0000000243
2.650000,-0.9958062066,0.9916353966,0.9833621406,0.0191243488,0.0004102381,0.0000002233
2.660000,-0.9843478733,0.9689724247,0.9390304083,0.0142144098,0.0002910721,0.0000001858
2.670000,-0.9809570312,0.9623000136,0.9261105369,0.0093370227,0.0001400516,0.0000000469
2.680000,-0.9750596788,0.9507547433,0.9039854307,0.0141710068,0.0002381433,0.0000000718
2.690000,-0.9710557726,0.9429784002,0.8893185811,0.0154405383,0.0002948247,0.0000001536
2.700000,-0.9626953125,0.9267881964,0.8589583987,0.0041286892,0.0000246484,0.0000000012
2.710000,-0.9586371528,0.9190305919,0.8447833976,0.0144585505,0.0002602776,0.0000001100
2.720000,-0.9513997396,0.9051880804,0.8194619541,0.0034098308,0.0000188667,0.0000000006
2.730000,-0.9445366753,0.8921509974,0.7959386434,0.0074924046,0.0001033118,0.0000000267
2.740000,-0.9408582899,0.8852690713,0.7838957748,0.0092800566,0.0000979663,0.0000000138
2.750000,-0.9297417535,0.8644261872,0.7472549007,0.0147460936,0.0002499477,0.0000000872
2.760000,-0.9310980903,0.8669748551,0.7517540308,0.0082465276,0.0001058723,0.0000000281
2.770000,-0.9296006944,0.8641792765,0.7468814538,0.0106987846,0.0001620636,0.0000000538
2.780000,-0.9164333767,0.8398689863,0.7054431941,0.0064995659,0.0000490142,0.0000000037
2.790000,-0.9123318142,0.8323749841,0.6929336331,0.0026123047,0.0000135141,0.0000000006
2.800000,-0.9035861545,0.8164836594,0.6666970067,0.0067301433,0.0000581876,0.0000000060
2.810000,-0.9070258247,0.8227015535,0.6768566313,0.0098198787,0.0001524282,0.0000000528
2.820000,-0.8978841146,0.8062021147,0.6499819543,0.0106418187,0.0001612147,0.0000000467
2.830000,-0.8885742188,0.7895931912,0.6235488524,0.0064480251,0.0001068330,0.0000000503
2.840000,-0.8880208333,0.7886207192,0.6220479857,0.0085286456,0.0000938053,0.0000000167
2.850000,-0.8818576389,0.7776945570,0.6048760215,0.0107177734,0.0001432271,0.0000000336
2.860000,-0.8775227865,0.7700576704,0.5930239558,0.0101698134,0.0001546608,0.0000000503
2.870000,-0.8725368924,0.7613378066,0.5796872655,0.0092258032,0.0001192547,0.0000000275
2.880000,-0.8705729167,0.7579188044,0.5745064273,0.0080105252,0.0000803803,0.0000000126
2.890000,-0.8615288628,0.7422540628,0.5510065311,0.0056613498,0.0000435309,0.0000000034
2.900000,-0.8594238281,0.7386122119,0.5455565525,0.0085232206,0.0000926017,0.0000000143
2.910000,-0.8576877170,0.7356331320,0.5411705503,0.0067681206,0.0000547510,0.0000000058
2.920000,-0.8540310330,0.7293965812,0.5320992746,0.0058973523,0.0000474044,0.0000000044
2.930000,-0.8456542969,0.7151366533,0.5114360633,0.0099934897,0.0001375937,0.0000000346
2.940000,-0.8454481337,0.7148182220,0.5110671689,0.0064860027,0.0000783737,0.0000000149
2.950000,-0.8389539931,0.7038672297,0.4954950857,0.0106119791,0.0001416114,0.0000000385
2.960000,-0.8297960069,0.6885686059,0.4741465986,0.0080729167,0.0001041146,0.0000000243
2.970000,-0.8296549479,0.6883924602,0.4740648331,0.0124267578,0.0001759523,0.0000000525
2.980000,-0.8287163628,0.6867812971,0.4716973308,0.0068467881,0.0000576893,0.0000000052
2.990000,-0.8239854601,0.6789678298,0.4610400338,0.0068467883,0.0000650354,0.0000000075
3.000000,-0.8147786458,0.6638754783,0.4407604759,0.0113199874,0.0001748070,0.0000000516
