# Temp,E,E^2,E^4,M,M^2,M^4
1.500000,-1.9281250000,3.7201660156,13.8769586682,0.9796875000,0.9599975586,0.9224032901
1.510000,-1.9687500000,3.8775390625,15.0592470169,0.9921875000,0.9845336914,0.9696888693
1.520000,-1.9812500000,3.9259765625,15.4230012894,0.9953125000,0.9906860352,0.9816127904
1.530000,-1.9250000000,3.7144531250,13.9213047028,0.9796875000,0.9604858398,0.9251312159
1.540000,-1.9156250000,3.6697753906,13.4695575833,0.9750000000,0.9506835938,0.9040205866
1.550000,-1.9500000000,3.8054687500,14.5251197815,0.9875000000,0.9753417969,0.9520024210
1.560000,-1.9250000000,3.7066406250,13.7541721344,0.9781250000,0.9568603516,0.9160842076
1.570000,-1.9500000000,3.8050781250,14.5174472809,0.9843750000,0.9692626953,0.9405043498
1.580000,-1.9218750000,3.6982910156,13.7466560483,0.9796875000,0.9601196289,0.9231018789
1.590000,-1.9531250000,3.8164550781,14.5920818448,0.9859375000,0.9722290039,0.9458365209
1.600000,-1.9093750000,3.6499511719,13.3843941092,0.9687500000,0.9390869141,0.8841755643
1.610000,-1.9218750000,3.6943847656,13.6601274610,0.9796875000,0.9598510742,0.9215583228
1.620000,-1.9312500000,3.7305664062,13.9296259165,0.9812500000,0.9629150391,0.9274493113
1.630000,-1.9687500000,3.8767578125,15.0413637161,0.9921875000,0.9844848633,0.9694027193
1.640000,-1.9281250000,3.7217285156,13.9099929929,0.9734375000,0.9485229492,0.9031272076
1.650000,-1.9062500000,3.6355468750,13.2428228855,0.9734375000,0.9477172852,0.8986884154
1.660000,-1.9218750000,3.6951660156,13.6774431348,0.9781250000,0.9568847656,0.9162261516
1.670000,-1.9281250000,3.7182128906,13.8333118558,0.9812500000,0.9628906250,0.9273096114
1.680000,-1.9062500000,3.6360351563,13.2530905008,0.9750000000,0.9508056641,0.9047146693
1.690000,-1.8812500000,3.5407226562,12.5594505548,0.9593750000,0.9211425781,0.8511360288
1.700000,-1.8718750000,3.5074707031,12.3529747128,0.9609375000,0.9238159180,0.8549821399
1.710000,-1.9187500000,3.6833984375,13.5945775986,0.9750000000,0.9508544922,0.9050008193
1.720000,-1.9156250000,3.6715332031,13.5079239011,0.9750000000,0.9507568359,0.9044419304
1.730000,-1.8781250000,3.5279785156,12.4554468274,0.9656250000,0.9324462891,0.8695106283
1.740000,-1.9218750000,3.6939941406,13.6513288617,0.9796875000,0.9598266602,0.9214163788
1.750000,-1.8875000000,3.5667968750,12.7807865143,0.9578125000,0.9185180664,0.8476416744
1.760000,-1.8593750000,3.4589355469,11.9871969581,0.9578125000,0.9176635742,0.8430451296
1.770000,-1.8781250000,3.5299316406,12.4963127255,0.9671875000,0.9356811523,0.8763529085
1.780000,-1.8875000000,3.5647460938,12.7371326685,0.9656250000,0.9327636719,0.8712780356
1.790000,-1.8000000000,3.2449218750,10.5928251743,0.9390625000,0.8824829102,0.7810195453
1.800000,-1.8281250000,3.3484863281,11.2976232648,0.9515625000,0.9062133789,0.8238698013
1.810000,-1.8843750000,3.5531738281,12.6570333600,0.9703125000,0.9416870117,0.8874452733
1.820000,-1.7156250000,2.9575683594,8.9203453422,0.8453125000,0.7258422852,0.5581452735
1.830000,-1.8718750000,3.5053222656,12.3067796826,0.9609375000,0.9238159180,0.8549295686
1.840000,-1.8250000000,3.3356445312,11.1923782587,0.9437500000,0.8914062500,0.7972085983
1.850000,-1.8593750000,3.4587402344,11.9833137870,0.9562500000,0.9145507812,0.8369076878
1.860000,-1.8062500000,3.2735351562,10.8622316599,0.9437500000,0.8917236328,0.7989843741
1.870000,-1.8593750000,3.4664550781,12.1346460462,0.9562500000,0.9157958984,0.8434639230
1.880000,-1.8437500000,3.4019531250,11.6080179691,0.9546875000,0.9116088867,0.8316931151
1.890000,-1.8031250000,3.2575683594,10.6926386237,0.9343750000,0.8744384766,0.7692920342
1.900000,-1.7687500000,3.1291015625,9.7990940571,0.9265625000,0.8585815430,0.7373797439
1.910000,-1.8562500000,3.4481445313,11.9240642786,0.9359375000,0.8779174805,0.7771543287
1.920000,-1.8062500000,3.2665039063,10.7216598749,0.9406250000,0.8852294922,0.7852424040
1.930000,-1.7968750000,3.2314941406,10.4778436780,0.9281250000,0.8625732422,0.7479079619
1.940000,-1.7718750000,3.1459472656,9.9765506864,0.9218750000,0.8511474609,0.7287259832
1.950000,-1.7812500000,3.1754882812,10.1175495386,0.9312500000,0.8676757812,0.7544355541
1.960000,-1.7750000000,3.1661132812,10.2162451029,0.9375000000,0.8802001953,0.7792769447
1.970000,-1.7562500000,3.0911132813,9.6321632624,0.9203125000,0.8477172852,0.7210409768
1.980000,-1.7468750000,3.0604980469,9.4746008277,0.9250000000,0.8565917969,0.7370577484
1.990000,-1.7406250000,3.0438964844,9.4234804511,0.9171875000,0.8430053711,0.7162866257
2.000000,-1.7468750000,3.0573730469,9.4160475135,0.9093750000,0.8288330078,0.6928391233
2.010000,-1.7468750000,3.0539550781,9.3559438825,0.9078125000,0.8247924805,0.6824793361
2.020000,-1.7125000000,2.9487304688,8.8959745646,0.9078125000,0.8258178711,0.6878275536
2.030000,-1.8250000000,3.3329101563,11.1390535593,0.9515625000,0.9056762695,0.8209955938
2.040000,-1.7437500000,3.0469726562,9.3568662882,0.9140625000,0.8365600586,0.7031863950
2.050000,-1.6906250000,2.8670410156,8.3181999326,0.9031250000,0.8165283203,0.6696268573
2.060000,-1.6812500000,2.8389648437,8.2059631586,0.8765625000,0.7707885742,0.6016693257
2.070000,-1.6656250000,2.8107910156,8.2819124341,0.8781250000,0.7778076172,0.6243691817
2.080000,-1.7156250000,2.9484863281,8.7556921124,0.9093750000,0.8277099609,0.6876572147
2.090000,-1.7125000000,2.9494140625,8.8928555012,0.8953125000,0.8060424805,0.6635204814
2.100000,-1.6812500000,2.8348632813,8.1368213892,0.8718750000,0.7633300781,0.5923887044
2.110000,-1.7468750000,3.0556152344,9.3857578635,0.9203125000,0.8474487305,0.7197629236
2.120000,-1.6531250000,2.7608886719,7.9118011832,0.8484375000,0.7293579102,0.5569833405
2.130000,-1.6093750000,2.6120605469,7.0429479957,0.8359375000,0.7055541992,0.5160999440
2.140000,-1.7468750000,3.0607910156,9.4822727323,0.8937500000,0.8012695312,0.6500755548
2.150000,-1.3281250000,1.7973144531,3.4734886289,0.5156250000,0.3387451172,0.1890504017
2.160000,-1.7031250000,2.9110839844,8.5958713889,0.8828125000,0.7827026367,0.6226678513
2.170000,-1.6093750000,2.5987792969,6.8437368751,0.8468750000,0.7203857422,0.5279271379
2.180000,-1.5375000000,2.3802734375,5.8182375431,0.8281250000,0.6883300781,0.4804915220
2.190000,-1.6062500000,2.5979492188,6.9525305033,0.8562500000,0.7346923828,0.5444703475
2.200000,-1.5843750000,2.5306152344,6.5956716895,0.8296875000,0.6974975586,0.5084316157
2.210000,-1.4000000000,1.9668945312,3.9237360239,0.6828125000,0.4864135742,0.2671079777
2.220000,-1.4750000000,2.2051757812,5.1046957254,0.7359375000,0.5608520508,0.3521374829
2.230000,-1.5125000000,2.2908203125,5.2763851643,0.8093750000,0.6584960937,0.4419273764
2.240000,-1.4531250000,2.1190917969,4.5509504676,0.7515625000,0.5775268555,0.3567332767
2.250000,-1.6250000000,2.6531250000,7.1798050404,0.8468750000,0.7224365234,0.5369519129
2.260000,-1.6000000000,2.5749023437,6.7869783640,0.8281250000,0.6909667969,0.4917257935
2.270000,-1.4062500000,1.9916992188,4.0828851938,0.7359375000,0.5494262695,0.3187505253
2.280000,-1.5187500000,2.3291992187,5.6382276773,0.8265625000,0.6857055664,0.4769329913
2.290000,-1.4781250000,2.2005371094,4.9743389487,0.7890625000,0.6313598633,0.4184243925
2.300000,-1.3000000000,1.6929687500,2.8861732483,0.6203125000,0.3942749023,0.1704919480
2.310000,-1.5031250000,2.2720214844,5.2725977302,0.8046875000,0.6517456055,0.4354177974
2.320000,-1.4437500000,2.1025390625,4.5709133625,0.7578125000,0.5877807617,0.3714808844
2.330000,-1.3656250000,1.9155761719,4.1429294944,0.5343750000,0.3584716797,0.2168632880
2.340000,-1.1093750000,1.2456542969,1.6232218146,0.1546875000,0.0357788086,0.0024600886
2.350000,-1.1968750000,1.4526855469,2.2393942237,0.3171875000,0.1516967773,0.0571981214
2.360000,-1.2718750000,1.6203613281,2.6421457410,0.5625000000,0.3239746094,0.1162608296
2.370000,-1.4343750000,2.0636230469,4.3122160316,0.7390625000,0.5555541992,0.3289268158
2.380000,-1.3781250000,1.9312011719,3.9911892295,0.7125000000,0.5185546875,0.2925945550
2.390000,-1.1875000000,1.4322265625,2.1729710102,0.5359375000,0.3231811523,0.1302803300
2.400000,-1.1656250000,1.3680175781,1.9196432233,0.3265625000,0.1438354492,0.0347029112
2.410000,-1.2656250000,1.6490722656,3.0252910733,0.6328125000,0.4372192383,0.2425052293
2.420000,-1.0500000000,1.1062500000,1.2402184010,0.0703125000,0.0116088867,0.0005323313
2.430000,-1.1468750000,1.3206542969,1.7706537604,0.2406250000,0.0708740234,0.0094643608
2.440000,-1.1687500000,1.3860351562,2.0134004831,0.1812500000,0.0656250000,0.0153700858
2.450000,-1.0937500000,1.2045898438,1.4946771860,0.1296875000,0.0205444336,0.0006262802
2.460000,-1.1656250000,1.3853027344,2.0775970817,0.4296875000,0.2632934570,0.1234869845
2.470000,-1.1718750000,1.3819824219,1.9580643058,0.4437500000,0.2051513672,0.0507027045
2.480000,-1.1187500000,1.2677734375,1.6910765171,0.3171875000,0.1399536133,0.0423707254
2.490000,-1.3687500000,1.8973632813,3.8001903772,0.7359375000,0.5500610352,0.3224974670
2.500000,-1.0500000000,1.1086914062,1.2568708658,0.3109375000,0.1337280273,0.0350285314
2.510000,-1.1125000000,1.2574218750,1.6892965794,0.3343750000,0.1506591797,0.0435781136
2.520000,-1.0062500000,1.0186523437,1.0614609003,0.1593750000,0.0303710938,0.0015272528
2.530000,-1.1937500000,1.4480468750,2.2287695408,0.4281250000,0.2322021484,0.0839627638
2.540000,-1.1093750000,1.2335449219,1.5354549766,0.3281250000,0.1356689453,0.0289594188
2.550000,-1.0781250000,1.1717285156,1.4217581391,0.2718750000,0.1186279297,0.0388511077
2.560000,-0.9968750000,1.0452636719,1.3400612235,0.3890625000,0.1922729492,0.0705975436
2.570000,-1.0531250000,1.1169433594,1.2855217338,0.2734375000,0.1027709961,0.0177688621
2.580000,-1.0000000000,1.0481445312,1.3477121592,0.3656250000,0.1821777344,0.0807905555
2.590000,-1.0531250000,1.1333496094,1.3872236609,0.1484375000,0.0442993164,0.0074004419
2.600000,-1.0218750000,1.0597167969,1.1883318305,0.0921875000,0.0117797852,0.0002437003
2.610000,-0.9000000000,0.8282226563,0.7430090189,0.2562500000,0.0833740234,0.0113405243
2.620000,-1.0468750000,1.0973144531,1.2102096677,0.4062500000,0.1668212891,0.0289363042
2.630000,-0.9906250000,0.9916503906,1.0266101956,0.1796875000,0.0675903320,0.0162558444
2.640000,-0.9062500000,0.8254882812,0.6950859308,0.1468750000,0.0350341797,0.0022882476
2.650000,-1.0281250000,1.0739746094,1.2207348228,0.2281250000,0.0670410156,0.0064224035
2.660000,-0.8343750000,0.7062988281,0.5245653272,0.1968750000,0.0683105469,0.0111212641
2.670000,-1.0687500000,1.1547851562,1.3888754129,0.4015625000,0.1758422852,0.0418735512
2.680000,-1.0468750000,1.1455566406,1.5470390916,0.3828125000,0.1983520508,0.0792930014
2.690000,-0.9656250000,0.9413574219,0.9183502555,0.1890625000,0.0388793945,0.0018855698
2.700000,-0.8687500000,0.7573242188,0.5810608149,0.1562500000,0.0581298828,0.0141914144
2.710000,-1.0468750000,1.1317871094,1.4430670142,0.2421875000,0.0880737305,0.0184912227
2.720000,-0.9031250000,0.8192871094,0.6826938987,0.2703125000,0.1034057617,0.0183490179
2.730000,-0.8968750000,0.8195800781,0.7276540875,0.1843750000,0.0635986328,0.0109700575
2.740000,-0.9000000000,0.8394531250,0.7912448883,0.1921875000,0.0464233398,0.0030283473
2.750000,-0.9843750000,0.9831542969,1.0217821479,0.3031250000,0.1094482422,0.0172094479
2.760000,-1.0031250000,1.0633300781,1.3387743115,0.3890625000,0.2050903320,0.0697102912
2.770000,-0.9500000000,0.9224609375,0.9251307011,0.2062500000,0.0526123047,0.0046291009
2.780000,-0.8593750000,0.7509277344,0.5994675040,0.2718750000,0.0998046875,0.0213411599
2.790000,-0.9343750000,0.8790527344,0.7924970984,0.1453125000,0.0320678711,0.0025601052
2.800000,-0.9812500000,0.9901367187,1.1073621988,0.1968750000,0.0656738281,0.0099358350
2.810000,-0.7843750000,0.6247558594,0.4114202857,0.2218750000,0.0846191406,0.0145956308
2.820000,-0.7343750000,0.5445800781,0.3065725446,0.1765625000,0.0431518555,0.0031880878
2.830000,-0.8406250000,0.7173339844,0.5422251105,0.1343750000,0.0251220703,0.0010625973
2.840000,-0.9031250000,0.8282714844,0.7239311576,0.3015625000,0.1104125977,0.0185066499
2.850000,-0.9343750000,0.8814941406,0.8085704923,0.1656250000,0.0398437500,0.0034866840
2.860000,-0.9125000000,0.8500000000,0.7796776295,0.1640625000,0.0286499023,0.0010117434
2.870000,-0.9062500000,0.8387695312,0.7640959024,0.0906250000,0.0104248047,0.0001867190
2.880000,-0.8687500000,0.7627929688,0.6099687815,0.1531250000,0.0482177734,0.0073479667
2.890000,-0.7968750000,0.6456542969,0.4469797492,0.1546875000,0.0368041992,0.0029292248
2.900000,-0.8531250000,0.7385253906,0.5746875882,0.1750000000,0.0434814453,0.0035608545
2.910000,-0.9406250000,0.9080566406,0.9080730557,0.3468750000,0.1410156250,0.0295534164
2.920000,-0.8437500000,0.7206054687,0.5454927683,0.2328125000,0.0690307617,0.0087958239
2.930000,-0.7812500000,0.6297851562,0.4371515512,0.1812500000,0.0545898437,0.0069078833
2.940000,-0.7562500000,0.5788085938,0.3501518488,0.0953125000,0.0162475586,0.0007379912
2.950000,-0.8406250000,0.7101074219,0.5134556174,0.1296875000,0.0314575195,0.0036736496
2.960000,-0.8000000000,0.6421875000,0.4181213379,0.1156250000,0.0208007813,0.0012034088
2.970000,-0.8062500000,0.6537109375,0.4377481937,0.1875000000,0.0409179687,0.0024533659
2.980000,-0.7937500000,0.6310546875,0.4006884098,0.1031250000,0.0139648438,0.0003759772
2.990000,-0.7906250000,0.6274902344,0.3997488379,0.1468750000,0.0257080078,0.0009722248
3.000000,-0.8218750000,0.6872558594,0.5079315543,0.2281250000,0.0804443359,0.0145311013
