# Temp,E,E^2,E^4,M,M^2,M^4
1.500000,-1.9515136719,3.8084280372,14.5044662633,0.9863037109,0.9727972835,0.9463434051
1.510000,-1.9485839844,3.7969999671,14.4175189385,0.9857910156,0.9717858970,0.9443754896
1.520000,-1.9473144531,3.7920442224,14.3797608508,0.9854980469,0.9712076902,0.9432493889
1.530000,-1.9434570312,3.7770520687,14.2665275316,0.9842041016,0.9686612815,0.9383184992
1.540000,-1.9449218750,3.7827352047,14.3092992310,0.9845458984,0.9693318576,0.9396090315
1.550000,-1.9359863281,3.7480612636,14.0482356715,0.9816650391,0.9636693209,0.9286703789
1.560000,-1.9396972656,3.7624771953,14.1570132720,0.9829345703,0.9661653012,0.9334944497
1.570000,-1.9337890625,3.7395557642,13.9845109854,0.9818115234,0.9639554054,0.9292159515
1.580000,-1.9374511719,3.7537326455,14.0907431008,0.9822753906,0.9648678303,0.9309810719
1.590000,-1.9294433594,3.7227597833,13.8590611140,0.9798583984,0.9601237148,0.9218422903
1.600000,-1.9327636719,3.7356260896,13.9556602348,0.9807861328,0.9619458169,0.9253566078
1.610000,-1.9301269531,3.7254189849,13.8791778246,0.9802246094,0.9608445168,0.9232384405
1.620000,-1.9261230469,3.7100074887,13.7650111802,0.9788330078,0.9581220359,0.9180284426
1.630000,-1.9169433594,3.6746867537,13.5035419429,0.9759277344,0.9524373353,0.9071460047
1.640000,-1.9149902344,3.6671988845,13.4485135026,0.9753906250,0.9513896644,0.9051529360
1.650000,-1.9178222656,3.6780799747,13.5288260914,0.9761230469,0.9528212368,0.9078874758
1.660000,-1.9064453125,3.6345968485,13.2112114324,0.9732177734,0.9471583456,0.8971297895
1.670000,-1.9103027344,3.6492691636,13.3173497496,0.9739990234,0.9486757487,0.8999919400
1.680000,-1.9031738281,3.6221252084,13.1205804106,0.9717285156,0.9442626536,0.8916559035
1.690000,-1.9031250000,3.6219089031,13.1185736780,0.9719726562,0.9447329879,0.8925285188
1.700000,-1.8972656250,3.5996995211,12.9590292727,0.9701171875,0.9411372185,0.8857764175
1.710000,-1.9052246094,3.6299395204,13.1773117150,0.9727050781,0.9461608946,0.8952420700
1.720000,-1.8923828125,3.5811631918,12.8254513137,0.9674560547,0.9359757274,0.8760674143
1.730000,-1.8945800781,3.5894405961,12.8841832889,0.9689941406,0.9389509141,0.8816335879
1.740000,-1.8799316406,3.5341664195,12.4906639058,0.9645996094,0.9304564357,0.8657641874
1.750000,-1.8856445313,3.5556827307,12.6432696681,0.9663085938,0.9337579608,0.8719250814
1.760000,-1.8827636719,3.5448212266,12.5660720812,0.9649902344,0.9312086284,0.8671587438
1.770000,-1.8731933594,3.5089646459,12.3143924376,0.9613037109,0.9241203934,0.8540559615
1.780000,-1.8708007813,3.4999249220,12.2498857327,0.9606933594,0.9229344785,0.8518182123
1.790000,-1.8626953125,3.4696357012,12.0383979131,0.9584716797,0.9186690360,0.8439567430
1.800000,-1.8625000000,3.4689312220,12.0338309988,0.9579101562,0.9175955176,0.8419949331
1.810000,-1.8607910156,3.4626803994,11.9920678812,0.9574462891,0.9167219490,0.8404475126
1.820000,-1.8518554687,3.4294390917,11.7620147279,0.9544921875,0.9110707939,0.8301060928
1.830000,-1.8509277344,3.4260572314,11.7395648148,0.9535644531,0.9092978418,0.8268686971
1.840000,-1.8374023438,3.3760532856,11.3978156434,0.9496337891,0.9018061548,0.8132609208
1.850000,-1.8350585937,3.3675572157,11.3420224350,0.9493408203,0.9012668103,0.8123498903
1.860000,-1.8209472656,3.3159573436,10.9970100201,0.9423095703,0.8879715413,0.7885793719
1.870000,-1.8285644531,3.3437455535,11.1819419720,0.9458251953,0.8945988148,0.8003555543
1.880000,-1.8184082031,3.3066852450,10.9351847834,0.9425537109,0.8884121805,0.7892928383
1.890000,-1.8173828125,3.3029450655,10.9103005637,0.9429199219,0.8891066134,0.7905412164
1.900000,-1.8068359375,3.2648978233,10.6627032807,0.9351318359,0.8745524913,0.7651235214
1.910000,-1.8000488281,3.2402702212,10.5005745907,0.9344482422,0.8732139856,0.7625739606
1.920000,-1.7941406250,3.2190343618,10.3633930131,0.9330078125,0.8705203235,0.7578638643
1.930000,-1.7932128906,3.2157121778,10.3420832662,0.9317626953,0.8682012469,0.7538412009
1.940000,-1.7869140625,3.1932115793,10.1985129806,0.9316650391,0.8680166811,0.7535117917
1.950000,-1.7796386719,3.1673219323,10.0345705360,0.9279052734,0.8610414773,0.7415074584
1.960000,-1.7648925781,3.1148541093,9.7024195910,0.9190185547,0.8445978373,0.7133547465
1.970000,-1.7718261719,3.1394522309,9.8572159131,0.9215087891,0.8492125720,0.7212770113
1.980000,-1.7541992187,3.0772622824,9.4701269184,0.9152099609,0.8376235217,0.7016609277
1.990000,-1.7468750000,3.0517803192,9.3158956814,0.9125488281,0.8328060985,0.6937681879
2.000000,-1.7443359375,3.0428310394,9.2603277279,0.9068603516,0.8224376649,0.6765413164
2.010000,-1.7385742187,3.0227412939,9.1381898557,0.9082031250,0.8248657227,0.6805115129
2.020000,-1.7270507812,2.9828696728,8.8994637395,0.9014648438,0.8126747370,0.6605566391
2.030000,-1.7189941406,2.9550509095,8.7336273493,0.8989990234,0.8082018405,0.6531986272
2.040000,-1.7219726562,2.9652769089,8.7938997893,0.9009033203,0.8116302401,0.6587548315
2.050000,-1.7152343750,2.9421058655,8.6568973741,0.8985595703,0.8074139446,0.6519323024
2.060000,-1.6993652344,2.8878978610,8.3405969440,0.8937988281,0.7988926351,0.6382815078
2.070000,-1.6919433594,2.8628723741,8.1983243772,0.8873291016,0.7874207228,0.6202449069
2.080000,-1.6949707031,2.8732063890,8.2585293193,0.8879882812,0.7885897100,0.6220826189
2.090000,-1.6767089844,2.8114760518,7.9057930090,0.8797607422,0.7740252286,0.5992578880
2.100000,-1.6525878906,2.7314247012,7.4647641227,0.8648437500,0.7480939567,0.5600534001
2.110000,-1.6375976563,2.6817655325,7.1922913411,0.8553222656,0.7316185534,0.5353896508
2.120000,-1.6376464844,2.6823423982,7.1999151855,0.8538574219,0.7293229282,0.5326538014
2.130000,-1.6501953125,2.7233638525,7.4190910332,0.8631835937,0.7452297568,0.5557933471
2.140000,-1.6139648438,2.6052566528,6.7912920944,0.8394775391,0.7049292892,0.4975076112
2.150000,-1.6175292969,2.6165315032,6.8476106191,0.8465576172,0.7167129964,0.5138304165
2.160000,-1.5854003906,2.5146108985,6.3345223782,0.8155273438,0.6655860424,0.4443333250
2.170000,-1.6017089844,2.5656628489,6.5845684629,0.8300781250,0.6890471399,0.4748337952
2.180000,-1.5815917969,2.5014678121,6.2576929576,0.8152587891,0.6646932095,0.4419402882
2.190000,-1.5492675781,2.4002967715,5.7620620511,0.7883789062,0.6216257632,0.3866288174
2.200000,-1.5450683594,2.3873954415,5.7011875763,0.7973144531,0.6358734727,0.4047459978
2.210000,-1.5479980469,2.3965162396,5.7453762028,0.7977539062,0.6365226805,0.4054448974
2.220000,-1.5297363281,2.3405104041,5.4818776172,0.7792968750,0.6074845135,0.3694773348
2.230000,-1.5122070312,2.2871816874,5.2349589482,0.7624755859,0.5816336542,0.3389311528
2.240000,-1.4902343750,2.2210994244,4.9359333429,0.7371337891,0.5435693830,0.2959013879
2.250000,-1.4667968750,2.1516027689,4.6303389101,0.7100097656,0.5046036839,0.2555908710
2.260000,-1.4392089844,2.0715017915,4.2925927429,0.6839355469,0.4679539144,0.2193344609
2.270000,-1.4494628906,2.1013867497,4.4195513429,0.6914306641,0.4783580750,0.2293606544
2.280000,-1.4182617187,2.0121353388,4.0541076184,0.6560058594,0.4310235679,0.1869677509
2.290000,-1.4207031250,2.0186336279,4.0767840581,0.6427246094,0.4131462276,0.1707745994
2.300000,-1.4078613281,1.9827301621,3.9365092205,0.6468994141,0.4200324208,0.1791125845
2.310000,-1.3634765625,1.8592142105,3.4577607083,0.5361572266,0.2884646565,0.0843589484
2.320000,-1.3611816406,1.8530656219,3.4357073427,0.5069580078,0.2573329300,0.0665674368
2.330000,-1.3085937500,1.7125997066,2.9342561100,0.3800292969,0.1480447710,0.0239695195
2.340000,-1.2791015625,1.6361392498,2.6772030137,0.2497558594,0.0627272904,0.0040212972
2.350000,-1.2868164063,1.6563147783,2.7461484826,0.2307373047,0.0545599967,0.0032393057
2.360000,-1.2469726563,1.5552025080,2.4202839001,0.1344238281,0.0181870162,0.0003388061
2.370000,-1.2316894531,1.5171620727,2.3024024848,0.1102050781,0.0126907170,0.0001942500
2.380000,-1.2386718750,1.5344118595,2.3550555774,0.2412841797,0.0593845755,0.0037917171
2.390000,-1.2491210937,1.5608748913,2.4398509742,0.3097900391,0.0972539753,0.0099247360
2.400000,-1.2064453125,1.4557847738,2.1209182200,0.1963134766,0.0399123400,0.0018125820
2.410000,-1.2047363281,1.4516918063,2.1091960622,0.2548828125,0.0652833164,0.0043447912
2.420000,-1.1823730469,1.3980453849,1.9547517162,0.2146484375,0.0464940727,0.0022383046
2.430000,-1.1702636719,1.3698268771,1.8781124976,0.1537597656,0.0244955659,0.0006945090
2.440000,-1.1828125000,1.3992847204,1.9593407264,0.0612060547,0.0055860370,0.0000670412
2.450000,-1.1587890625,1.3430877447,1.8054947607,0.0420410156,0.0018960774,0.0000042659
2.460000,-1.1446289062,1.3105834246,1.7197843587,0.0530761719,0.0034886062,0.0000178953
2.470000,-1.1339843750,1.2859653473,1.6539357166,0.0625244141,0.0047394127,0.0000328932
2.480000,-1.1329589844,1.2839942813,1.6507080236,0.0447998047,0.0020689934,0.0000047933
2.490000,-1.1206054688,1.2561205864,1.5796797874,0.0750732422,0.0058807403,0.0000397916
2.500000,-1.0984863281,1.2066774249,1.4560955608,0.0208007813,0.0005471170,0.0000005276
2.510000,-1.0895996094,1.1873798966,1.4105982529,0.0602783203,0.0041952997,0.0000279081
2.520000,-1.0804199219,1.1673501134,1.3629061257,0.0358642578,0.0019847304,0.0000092478
2.530000,-1.0840820312,1.1758159876,1.3852810948,0.0516113281,0.0035504878,0.0000225843
2.540000,-1.0666503906,1.1380042434,1.2962221071,0.0350585937,0.0013144732,0.0000021744
2.550000,-1.0652832031,1.1349903226,1.2889457829,0.0105957031,0.0001777053,0.0000000946
2.560000,-1.0724121094,1.1502894521,1.3241884758,0.0505615234,0.0029304475,0.0000109848
2.570000,-1.0590332031,1.1219141603,1.2603407115,0.0274658203,0.0010049015,0.0000015760
2.580000,-1.0395019531,1.0810763955,1.1709293327,0.0410400391,0.0021943063,0.0000097610
2.590000,-1.0271972656,1.0555248857,1.1157789567,0.0844726562,0.0079781294,0.0000898055
2.600000,-1.0212890625,1.0431483746,1.0886481920,0.0353759766,0.0014281362,0.0000027068
2.610000,-1.0063964844,1.0129812598,1.0267309292,0.0158691406,0.0004074633,0.0000005065
2.620000,-1.0264648437,1.0538317442,1.1114179001,0.0436279297,0.0020686537,0.0000053814
2.630000,-0.9997070313,0.9994476080,0.9990294644,0.0348144531,0.0014926732,0.0000035127
2.640000,-0.9933593750,0.9870891571,0.9756122623,0.0083984375,0.0000914514,0.0000000141
2.650000,-0.9919921875,0.9843262672,0.9700017761,0.0177734375,0.0004054308,0.0000002815
2.660000,-0.9988281250,0.9979059219,0.9968125043,0.0476074219,0.0027402580,0.0000118897
2.670000,-1.0019531250,1.0041818142,1.0094692169,0.0292724609,0.0010785490,0.0000018204
2.680000,-0.9740722656,0.9488727927,0.9005742219,0.0391845703,0.0021574467,0.0000085824
2.690000,-0.9628417969,0.9275495172,0.8621505889,0.0178955078,0.0005047947,0.0000005595
2.700000,-0.9589843750,0.9199805021,0.8475832275,0.0471923828,0.0024132222,0.0000070772
2.710000,-0.9594238281,0.9207759023,0.8488533052,0.0329833984,0.0018328875,0.0000104911
2.720000,-0.9539062500,0.9103075981,0.8300365408,0.0154785156,0.0003227234,0.0000001981
2.730000,-0.9558593750,0.9137295961,0.8351289409,0.0271484375,0.0009011269,0.0000012677
2.740000,-0.9403320312,0.8843504667,0.7825249387,0.0237060547,0.0007871777,0.0000010517
2.750000,-0.9335449219,0.8715962768,0.7599974657,0.0396728516,0.0021560937,0.0000084820
2.760000,-0.9265136719,0.8585362077,0.7374548516,0.0215087891,0.0011114985,0.0000052878
2.770000,-0.9230468750,0.8523269415,0.7275207929,0.0203125000,0.0007922769,0.0000020187
2.780000,-0.9157714844,0.8387040496,0.7036480740,0.0250732422,0.0008181483,0.0000010232
2.790000,-0.9024902344,0.8147498727,0.6646708837,0.0375000000,0.0020571411,0.0000084771
2.800000,-0.9077636719,0.8241502643,0.6796045432,0.0465820313,0.0025677085,0.0000097470
2.810000,-0.8984863281,0.8073863626,0.6522270885,0.0312744141,0.0010909230,0.0000015397
2.820000,-0.8974609375,0.8054930925,0.6490022516,0.0326416016,0.0014559597,0.0000036979
2.830000,-0.8914062500,0.7949707508,0.6331396629,0.0377929688,0.0018204272,0.0000048384
2.840000,-0.8709472656,0.7585883021,0.5755744146,0.0196533203,0.0006781012,0.0000013254
2.850000,-0.8837890625,0.7811894178,0.6105922085,0.0325683594,0.0012356877,0.0000023550
2.860000,-0.8666992188,0.7513885975,0.5652547386,0.0243408203,0.0006948084,0.0000006845
2.870000,-0.8684082031,0.7541652322,0.5688627193,0.0202880859,0.0006121427,0.0000008956
2.880000,-0.8755859375,0.7669053316,0.5889297598,0.0201416016,0.0005835027,0.0000007131
2.890000,-0.8549316406,0.7309776664,0.5345325623,0.0257568359,0.0009893328,0.0000018555
2.900000,-0.8583496094,0.7368326068,0.5431244978,0.0236572266,0.0006258100,0.0000005472
2.910000,-0.8472167969,0.7179118037,0.5157856035,0.0197753906,0.0007054031,0.0000017685
2.920000,-0.8518554687,0.7257066965,0.5267928201,0.0146484375,0.0003080189,0.0000002112
2.930000,-0.8469238281,0.7173018098,0.5145846484,0.0121582031,0.0002800226,0.0000002956
2.940000,-0.8359375000,0.6989358187,0.4889149015,0.0194824219,0.0008243978,0.0000019609
2.950000,-0.8368652344,0.7007698894,0.4922587883,0.0105224609,0.0002029926,0.0000001054
2.960000,-0.8281250000,0.6857994318,0.4703439306,0.0209716797,0.0005477816,0.0000005155
2.970000,-0.8319335937,0.6922434807,0.4795618711,0.0218017578,0.0005665392,0.0000005120
2.980000,-0.8179199219,0.6693978906,0.4491458710,0.0100341797,0.0001767308,0.0000000735
2.990000,-0.8222656250,0.6762615919,0.4577123876,0.0322265625,0.0011103451,0.0000015936
3.000000,-0.8258789063,0.6821699858,0.4656117511,0.0249267578,0.0008912891,0.0000015510
