# Temp,E,E^2,E^4,M,M^2,M^4
1.500000,-1.9504622222,3.8043140516,14.4729755130,0.9862355590,0.9726616681,0.9460749631
1.510000,-1.9495288889,3.8006728320,14.4452652655,0.9859733462,0.9721441890,0.9450672396
1.520000,-1.9467911111,3.7900027868,14.3642296831,0.9851822257,0.9705844304,0.9420357381
1.530000,-1.9447288889,3.7819711526,14.3033164131,0.9846577883,0.9695510174,0.9400293981
1.540000,-1.9434400000,3.7769639637,14.2655313286,0.9842311263,0.9687114237,0.9384038140
1.550000,-1.9408000000,3.7667055897,14.1880853188,0.9835244656,0.9673205163,0.9357095308
1.560000,-1.9394844444,3.7616046870,14.1497416337,0.9829333544,0.9661586004,0.9334648408
1.570000,-1.9341066667,3.7407794761,13.9935935703,0.9813600183,0.9630685478,0.9275051169
1.580000,-1.9321600000,3.7332574617,13.9374378632,0.9806933403,0.9617610475,0.9249905351
1.590000,-1.9312444444,3.7297077961,13.9107604054,0.9805422187,0.9614634135,0.9244133222
1.600000,-1.9286755556,3.7198048324,13.8371779436,0.9797733426,0.9599574774,0.9215247944
1.610000,-1.9273244444,3.7145932231,13.7984066450,0.9793511152,0.9591302271,0.9199370125
1.620000,-1.9225600000,3.6962486226,13.6624262273,0.9778089046,0.9561116361,0.9141547430
1.630000,-1.9203111111,3.6875991494,13.5984521705,0.9772444487,0.9550071387,0.9120402625
1.640000,-1.9184622222,3.6805029464,13.5461851550,0.9764711261,0.9534967809,0.9091596244
1.650000,-1.9165955556,3.6733467034,13.4935961641,0.9763600111,0.9532794400,0.9087438601
1.660000,-1.9104088889,3.6496762702,13.3203432558,0.9738755703,0.9484350286,0.8995343208
1.670000,-1.9079822222,3.6404009197,13.2525881757,0.9732666731,0.9472484225,0.8972811113
1.680000,-1.9068533333,3.6360990890,13.2213540154,0.9730711102,0.9468682475,0.8965627415
1.690000,-1.9023822222,3.6190679846,13.0977959208,0.9716177821,0.9440420503,0.8912189264
1.700000,-1.8984533333,3.6041295968,12.9898156112,0.9701466799,0.9411851597,0.8858316862
1.710000,-1.8943200000,3.5884605112,12.8772249008,0.9687866688,0.9385496901,0.8808833423
1.720000,-1.8921511111,3.5802410781,12.8182013621,0.9682711244,0.9375492301,0.8789995332
1.730000,-1.8905688889,3.5742526400,12.7753093386,0.9677377820,0.9365168087,0.8770652090
1.740000,-1.8852355556,3.5541189717,12.6318452618,0.9658755541,0.9329160057,0.8703338411
1.750000,-1.8839466667,3.5492578141,12.5972703746,0.9653955698,0.9319891594,0.8686058548
1.760000,-1.8746844444,3.5144431423,12.3513299380,0.9622933626,0.9260086326,0.8574924201
1.770000,-1.8714400000,3.5023000585,12.2662789520,0.9609333396,0.9233943220,0.8526623845
1.780000,-1.8689777778,3.4930914923,12.2018772886,0.9603022337,0.9221816045,0.8504234240
1.790000,-1.8624000000,3.4685382029,12.0308189270,0.9582044601,0.9181569875,0.8430166600
1.800000,-1.8600444444,3.4597767407,11.9702128423,0.9572000146,0.9162330999,0.8394876079
1.810000,-1.8603911111,3.4610679917,11.9791703787,0.9570711255,0.9159863958,0.8390356890
1.820000,-1.8515644444,3.4282925744,11.7532130515,0.9538889050,0.9099047162,0.8279290400
1.830000,-1.8447555556,3.4031262139,11.5813109120,0.9513955712,0.9051543370,0.8193072818
1.840000,-1.8440000000,3.4003430455,11.5624285108,0.9515466690,0.9054432409,0.8198353338
1.850000,-1.8365066667,3.3727641438,11.3756379346,0.9487111211,0.9000537114,0.8100999966
1.860000,-1.8303466667,3.3501850888,11.2239563134,0.9466311216,0.8961129201,0.8030271022
1.870000,-1.8252266667,3.3314604919,11.0987369114,0.9443244576,0.8917508268,0.7952271827
1.880000,-1.8192711111,3.3097581693,10.9546418985,0.9428933382,0.8890501677,0.7904184511
1.890000,-1.8139733333,3.2905080881,10.8275597858,0.9399822235,0.8835674492,0.7806945065
1.900000,-1.8087111111,3.2714535443,10.7026389559,0.9380400181,0.8799229515,0.7742780306
1.910000,-1.8028622222,3.2503412409,10.5650972363,0.9365200043,0.8770769882,0.7692896301
1.920000,-1.8004266667,3.2415455139,10.5077383014,0.9347866774,0.8738289378,0.7635868288
1.930000,-1.7956000000,3.2241938880,10.3956134074,0.9343466759,0.8730070526,0.7621529674
1.940000,-1.7861155556,3.1902167775,10.1775853231,0.9295466781,0.8640583469,0.7466013922
1.950000,-1.7812000000,3.1726813001,10.0660065690,0.9266533375,0.8586886932,0.7373541190
1.960000,-1.7712800000,3.1374372689,9.8435682470,0.9224977970,0.8510036327,0.7242121064
1.970000,-1.7649066667,3.1149086467,9.7028192028,0.9204177976,0.8471748072,0.7177250980
1.980000,-1.7597866667,3.0968899390,9.5912314067,0.9168355703,0.8405965834,0.7066332195
1.990000,-1.7526488889,3.0717977975,9.4361833251,0.9148311138,0.8369184159,0.7004406433
2.000000,-1.7467466667,3.0512246088,9.3111964356,0.9125644565,0.8327903465,0.6935945511
2.010000,-1.7442311111,3.0423864762,9.2566520063,0.9106400013,0.8292714574,0.6877117855
2.020000,-1.7260000000,2.9791249395,8.8757676567,0.9023022294,0.8141558204,0.6628708620
2.030000,-1.7189866667,2.9549530619,8.7321935638,0.8973955631,0.8053272290,0.6485789879
2.040000,-1.7167200000,2.9471735842,8.6863761573,0.8991911292,0.8085566978,0.6538028492
2.050000,-1.7053777778,2.9083439277,8.4588204527,0.8939511299,0.7991685341,0.6387340788
2.060000,-1.6980800000,2.8834983087,8.3148233517,0.8894088984,0.7910574341,0.6258010970
2.070000,-1.6904266667,2.8575548986,8.1657636507,0.8832533479,0.7801413043,0.6086355181
2.080000,-1.6821066667,2.8295070898,8.0063851801,0.8810933471,0.7763405050,0.6027513733
2.090000,-1.6721777778,2.7961884389,7.8187805769,0.8760533452,0.7674777162,0.5890473126
2.100000,-1.6674133333,2.7803504909,7.7312748420,0.8709822178,0.7586295996,0.5755781105
2.110000,-1.6576266667,2.7477391498,7.5502129624,0.8667200089,0.7512197458,0.5643796877
2.120000,-1.6449688889,2.7059311332,7.3221552479,0.8576800227,0.7356233652,0.5411663197
2.130000,-1.6362133333,2.6772137023,7.1676836125,0.8524311185,0.7266409970,0.5280134884
2.140000,-1.6291644444,2.6541970090,7.0449762950,0.8514400125,0.7249546155,0.5255722687
2.150000,-1.6086311111,2.5877282398,6.6966914985,0.8381955624,0.7025813872,0.4936475809
2.160000,-1.5984533333,2.5551760814,6.5301795388,0.8264800191,0.6831660089,0.4669782098
2.170000,-1.5849866667,2.5122891145,6.3126683501,0.8177466750,0.6687188467,0.4472096091
2.180000,-1.5858311111,2.5148902163,6.3249739174,0.8174222469,0.6682040285,0.4465635410
2.190000,-1.5643644444,2.4472757013,5.9895445901,0.8035244465,0.6456811065,0.4169802638
2.200000,-1.5547644444,2.4173336569,5.8438989713,0.7934044480,0.6295219436,0.3963760933
2.210000,-1.5292088889,2.3385842679,5.4699518415,0.7707288861,0.5940629082,0.3530057393
2.220000,-1.5327644444,2.3494228859,5.5203174218,0.7808666706,0.6097820261,0.3719062209
2.230000,-1.5111911111,2.2837179263,5.2155439922,0.7541377783,0.5688523436,0.3238911676
2.240000,-1.4919377778,2.2259031621,4.9548654982,0.7330888987,0.5374255398,0.2888395444
2.250000,-1.4687911111,2.1573795757,4.6545652483,0.7152489066,0.5115936585,0.2617540644
2.260000,-1.4603644444,2.1327146765,4.5489007162,0.7028355479,0.4940202408,0.2441404385
2.270000,-1.4503822222,2.1036983901,4.4263009044,0.6937644362,0.4813213827,0.2316939741
2.280000,-1.4186666667,2.0126616604,4.0511825915,0.6388755560,0.4082947401,0.1669207131
2.290000,-1.4037066667,1.9704575245,3.8832187494,0.6052799940,0.3666463345,0.1348514993
2.300000,-1.3752977778,1.8915244717,3.5784753268,0.5505644321,0.3035538638,0.0926808276
2.310000,-1.3563911111,1.8399023139,3.3860152036,0.5180400133,0.2684297385,0.0721237560
2.320000,-1.3357511111,1.7842669132,3.1838657198,0.4823866785,0.2330931212,0.0547045372
2.330000,-1.3053866667,1.7041893428,2.9053247060,0.3776533365,0.1432949905,0.0209473709
2.340000,-1.2918133333,1.6689301156,2.7863298796,0.3515511096,0.1238190826,0.0154466033
2.350000,-1.2714933333,1.6167735479,2.6144621363,0.3153244495,0.0997130315,0.0100539660
2.360000,-1.2657955556,1.6022831613,2.5675989984,0.2789066672,0.0781390402,0.0062174005
2.370000,-1.2447555556,1.5494854214,2.4013334826,0.2094444454,0.0443055464,0.0020412737
2.380000,-1.2294933333,1.5117089580,2.2855974967,0.1397377789,0.0198993547,0.0004244410
2.390000,-1.2175733333,1.4825042327,2.1979344073,0.0957111135,0.0092722544,0.0000902814
2.400000,-1.2092711111,1.4623625557,2.1386562356,0.0555644453,0.0033660380,0.0000154446
2.410000,-1.1955377778,1.4293439494,2.0432143353,0.0156444445,0.0004313323,0.0000004644
2.420000,-1.1879200000,1.4112617003,1.9922619566,0.0567333356,0.0033311547,0.0000124936
2.430000,-1.1729155556,1.3757429630,1.8927350285,0.0378622230,0.0016253971,0.0000038454
2.440000,-1.1553688889,1.3349301156,1.7823226641,0.0113777777,0.0001698613,0.0000000595
2.450000,-1.1537955556,1.3312763236,1.7724675872,0.0085377780,0.0001061970,0.0000000207
2.460000,-1.1460800000,1.3135682102,1.7258251000,0.0080311112,0.0000937052,0.0000000194
2.470000,-1.1374311111,1.2938373898,1.6744717820,0.0326444451,0.0011556456,0.0000018676
2.480000,-1.1348355556,1.2878653689,1.6586674161,0.0227644447,0.0005590412,0.0000003947
2.490000,-1.1221688889,1.2592996330,1.5860204122,0.0309822218,0.0012528749,0.0000024844
2.500000,-1.0996800000,1.2093602544,1.4628631898,0.0206666669,0.0004903666,0.0000003282
2.510000,-1.0911022222,1.1905230471,1.4174356694,0.0065155558,0.0000762118,0.0000000154
2.520000,-1.0992977778,1.2084710949,1.4604771229,0.0547066674,0.0032033756,0.0000128446
2.530000,-1.0761511111,1.1581321841,1.3414133532,0.0098222225,0.0001496255,0.0000000479
2.540000,-1.0766844444,1.1592787939,1.3440634502,0.0437555566,0.0020896213,0.0000058241
2.550000,-1.0654133333,1.1351219409,1.2885758917,0.0148488889,0.0002941054,0.0000001864
2.560000,-1.0594844444,1.1225300093,1.2601753734,0.0209555559,0.0005708860,0.0000005700
2.570000,-1.0501777778,1.1029297158,1.2167033438,0.0186000004,0.0004777803,0.0000005502
2.580000,-1.0441333333,1.0902690445,1.1889237189,0.0158666671,0.0003473049,0.0000002991
2.590000,-1.0327200000,1.0665437847,1.1376564640,0.0102088889,0.0001631260,0.0000000577
2.600000,-1.0266666667,1.0540658149,1.1111448381,0.0223022230,0.0005846869,0.0000004931
2.610000,-1.0213244444,1.0431250193,1.0881989229,0.0219066666,0.0006041848,0.0000006100
2.620000,-1.0192088889,1.0388246609,1.0793132105,0.0132044446,0.0002649516,0.0000001385
2.630000,-1.0087377778,1.0175946821,1.0356731176,0.0063422223,0.0000543333,0.0000000061
2.640000,-0.9983288889,0.9966972255,0.9935514048,0.0166666673,0.0003601586,0.0000002346
2.650000,-0.9951200000,0.9903295317,0.9810127203,0.0151644446,0.0003666005,0.0000003094
2.660000,-0.9848622222,0.9700256012,0.9412301714,0.0112711114,0.0002135645,0.0000001182
2.670000,-0.9849422222,0.9701203959,0.9411692173,0.0259955556,0.0009011799,0.0000015988
2.680000,-0.9766400000,0.9538479929,0.9099105759,0.0106044444,0.0001522856,0.0000000542
2.690000,-0.9732000000,0.9471251686,0.8970723061,0.0097733333,0.0001537480,0.0000000511
2.700000,-0.9590844444,0.9198701610,0.8462609333,0.0056133335,0.0000665255,0.0000000180
2.710000,-0.9554933333,0.9130041896,0.8337106860,0.0117422222,0.0001931340,0.0000000890
2.720000,-0.9577244444,0.9173048502,0.8416995564,0.0063866668,0.0000558774,0.0000000061
2.730000,-0.9435288889,0.8902877404,0.7927587474,0.0140844447,0.0002408730,0.0000000974
2.740000,-0.9407288889,0.8850344818,0.7835117623,0.0103288888,0.0001681669,0.0000000624
2.750000,-0.9317511111,0.8682286443,0.7540573912,0.0186133334,0.0003720008,0.0000001761
2.760000,-0.9291466667,0.8633415036,0.7454551101,0.0095955556,0.0001325710,0.0000000394
2.770000,-0.9240888889,0.8539861792,0.7294503390,0.0094800001,0.0001143817,0.0000000197
2.780000,-0.9175111111,0.8418654688,0.7088683497,0.0152888889,0.0003638979,0.0000003051
2.790000,-0.9103288889,0.8287508970,0.6870016196,0.0066266668,0.0000614154,0.0000000069
2.800000,-0.9051644444,0.8194103866,0.6717208422,0.0110533334,0.0002267169,0.0000001637
2.810000,-0.9006222222,0.8111270653,0.6579488119,0.0089022222,0.0000966585,0.0000000139
2.820000,-0.9024800000,0.8144852207,0.6634352531,0.0134888890,0.0002516564,0.0000001149
2.830000,-0.8966488889,0.8040086127,0.6465244157,0.0081022225,0.0001089524,0.0000000242
2.840000,-0.8848533333,0.7829878763,0.6131402999,0.0158666670,0.0002793604,0.0000001145
2.850000,-0.8813511111,0.7767919178,0.6034435199,0.0090844445,0.0000984273,0.0000000158
2.860000,-0.8762666667,0.7678972120,0.5898311865,0.0077688888,0.0000710801,0.0000000076
2.870000,-0.8713155556,0.7592675915,0.5767189186,0.0077733333,0.0000715225,0.0000000087
2.880000,-0.8709155556,0.7585612405,0.5756199832,0.0207155559,0.0005804663,0.0000007993
2.890000,-0.8631466667,0.7450719518,0.5552802553,0.0086888892,0.0000846115,0.0000000099
2.900000,-0.8583377778,0.7367829227,0.5429649129,0.0124266667,0.0002321930,0.0000001635
2.910000,-0.8570133333,0.7345138260,0.5396340744,0.0060800000,0.0000428369,0.0000000026
2.920000,-0.8487200000,0.7203352284,0.5189104871,0.0122355556,0.0002386776,0.0000001273
2.930000,-0.8504888889,0.7233463396,0.5232730288,0.0055377778,0.0000549438,0.0000000081
2.940000,-0.8421955556,0.7093091243,0.5031639895,0.0076222224,0.0000836250,0.0000000121
2.950000,-0.8400800000,0.7057714232,0.4982180933,0.0133600006,0.0003049551,0.0000002584
2.960000,-0.8357688889,0.6985287103,0.4879957550,0.0063333335,0.0000857852,0.0000000286
2.970000,-0.8322400000,0.6926423747,0.4798057283,0.0092311113,0.0001223114,0.0000000273
2.980000,-0.8223733333,0.6763325989,0.4575199250,0.0097377778,0.0001396601,0.0000000403
2.990000,-0.8228977778,0.6772272743,0.4588188859,0.0080711112,0.0001118528,0.0000000270
3.000000,-0.8126222222,0.6603689260,0.4361242079,0.0057466669,0.0000498628,0.0000000063
