# Temp,E,E^2,E^4,M,M^2,M^4
1.500000,-1.9516822222,3.8090644633,14.5089868207,0.9866711140,0.9735199440,0.9477413030
1.510000,-1.9496955556,3.8013130220,14.4499846851,0.9860233307,0.9722420391,0.9452547011
1.520000,-1.9467177778,3.7897108846,14.3619203836,0.9852344394,0.9706869564,0.9422333844
1.530000,-1.9448400000,3.7824035779,14.3065912425,0.9846288919,0.9694941195,0.9399190985
1.540000,-1.9426444444,3.7738691719,14.2421147035,0.9840866685,0.9684267257,0.9378509217
1.550000,-1.9405177778,3.7656101684,14.1798338369,0.9832688928,0.9668177835,0.9347368898
1.560000,-1.9386955556,3.7585411879,14.1266428466,0.9827511072,0.9657997980,0.9327694787
1.570000,-1.9361600000,3.7487169792,14.0529004882,0.9821400046,0.9645990853,0.9304517680
1.580000,-1.9336488889,3.7389990417,13.9801290286,0.9813666582,0.9630806228,0.9275246904
1.590000,-1.9308777778,3.7282894218,13.9001484122,0.9804677844,0.9613171089,0.9241307096
1.600000,-1.9275866667,3.7155911455,13.8056292685,0.9793844461,0.9591939781,0.9200534130
1.610000,-1.9254244444,3.7072649327,13.7438969753,0.9787822247,0.9580151111,0.9177947456
1.620000,-1.9222333333,3.6949842857,13.6529575990,0.9777433157,0.9559822315,0.9139029450
1.630000,-1.9197666667,3.6855055211,13.5829725644,0.9770666718,0.9546594905,0.9113755417
1.640000,-1.9186022222,3.6810348833,13.5500236434,0.9765711069,0.9536911464,0.9095268771
1.650000,-1.9152444444,3.6681616122,13.4554144585,0.9755055547,0.9516111319,0.9055639164
1.660000,-1.9117711111,3.6548701894,13.3580966753,0.9743710995,0.9493991688,0.9013592729
1.670000,-1.9087933333,3.6434925702,13.2750465736,0.9735200047,0.9477413153,0.8982140394
1.680000,-1.9047488889,3.6280711925,13.1629421107,0.9724066734,0.9455751429,0.8941138801
1.690000,-1.9006888889,3.6126199963,13.0510484457,0.9708855510,0.9426189969,0.8885314932
1.700000,-1.8983066667,3.6035708967,12.9857620791,0.9700044513,0.9409089668,0.8853109309
1.710000,-1.8947866667,3.5902181741,12.8896904040,0.9690822244,0.9391206292,0.8819485763
1.720000,-1.8908066667,3.5751504583,12.7817094930,0.9676111102,0.9362713493,0.8766043718
1.730000,-1.8884822222,3.5663693082,12.7190500678,0.9668499947,0.9347996025,0.8738528797
1.740000,-1.8834644444,3.5474446330,12.5844530318,0.9652322292,0.9316739262,0.8680187999
1.750000,-1.8797777778,3.5335658609,12.4861070309,0.9640044451,0.9293046820,0.8636076077
1.760000,-1.8749088889,3.5152887920,12.3573319501,0.9622955680,0.9260132357,0.8575022736
1.770000,-1.8719155556,3.5040682693,12.2785003569,0.9613155603,0.9241276667,0.8540121669
1.780000,-1.8667533333,3.4847689980,12.1436287796,0.9595077753,0.9206554033,0.8476072274
1.790000,-1.8651088889,3.4786344745,12.1009438095,0.9588600039,0.9194130527,0.8453223668
1.800000,-1.8577555556,3.4512604203,11.9112636098,0.9562566638,0.9144272049,0.8361785681
1.810000,-1.8538222222,3.4366627936,11.8107330214,0.9547222257,0.9114955072,0.8308276268
1.820000,-1.8501733333,3.4231437573,11.7179459613,0.9533699989,0.9089146397,0.8261268578
1.830000,-1.8460533333,3.4079169908,11.6139538473,0.9522033453,0.9066920504,0.8220935190
1.840000,-1.8416333333,3.3916137077,11.5030486053,0.9505533218,0.9035517670,0.8164063355
1.850000,-1.8367244444,3.3735678401,11.3811104044,0.9489111066,0.9004341520,0.8107883740
1.860000,-1.8297044444,3.3478211809,11.2079444923,0.9458666682,0.8946644605,0.8004270270
1.870000,-1.8241177778,3.3274087758,11.0716905579,0.9438944578,0.8909372327,0.7937708821
1.880000,-1.8229377778,3.3231040254,11.0430453894,0.9437666655,0.8906960278,0.7933412265
1.890000,-1.8154911111,3.2960091324,10.8636914630,0.9406911016,0.8848999939,0.7830488672
1.900000,-1.8089044444,3.2721392805,10.7069476857,0.9385511041,0.8808786394,0.7759488137
1.910000,-1.8029511111,3.2506377517,10.5667112531,0.9351933360,0.8745881407,0.7649098819
1.920000,-1.7977466667,3.2318966228,10.4452016748,0.9335177779,0.8714565335,0.7594403006
1.930000,-1.7896866667,3.2029795278,10.2590927518,0.9302955627,0.8654502591,0.7490056217
1.940000,-1.7857800000,3.1890164339,10.1699051061,0.9287522316,0.8625812122,0.7440480876
1.950000,-1.7802111111,3.1691579462,10.0436425329,0.9262122154,0.8578698249,0.7359432334
1.960000,-1.7725111111,3.1417968989,9.8709035889,0.9239577889,0.8536990926,0.7288058875
1.970000,-1.7656444444,3.1175081919,9.7189556455,0.9194844365,0.8454538811,0.7147998771
1.980000,-1.7599088889,3.0972862017,9.5932673127,0.9181766748,0.8430488754,0.7107329879
1.990000,-1.7516488889,3.0682759121,9.4143426005,0.9140644312,0.8355146895,0.6980878215
2.000000,-1.7456622222,3.0473449237,9.2864126090,0.9108944535,0.8297295554,0.6884539568
2.010000,-1.7384888889,3.0223573616,9.1348099320,0.9079277873,0.8243351062,0.6795357498
2.020000,-1.7336000000,3.0053871515,9.0325706943,0.9053411126,0.8196482838,0.6718421870
2.030000,-1.7236822222,2.9710860122,8.8274187781,0.9016299963,0.8129375590,0.6608704308
2.040000,-1.7169288889,2.9478532386,8.6899380458,0.8976766586,0.8058280970,0.6493740693
2.050000,-1.7051533333,2.9075509460,8.4538880384,0.8920789003,0.7958067154,0.6333145280
2.060000,-1.7010000000,2.8934053681,8.3718451914,0.8907433391,0.7934247150,0.6295260155
2.070000,-1.6918222222,2.8622717406,8.1927060546,0.8862022161,0.7853561710,0.6167899795
2.080000,-1.6803200000,2.8234836788,7.9721548345,0.8775766492,0.7701459979,0.5931409480
2.090000,-1.6731488889,2.7994346389,7.8369175757,0.8749022126,0.7654557015,0.5859280095
2.100000,-1.6620888889,2.7625461063,7.6317343590,0.8679333329,0.7533109373,0.5674853992
2.110000,-1.6526000000,2.7311048782,7.4591323837,0.8632599831,0.7452341916,0.5554230715
2.120000,-1.6424066667,2.6975068006,7.2766200008,0.8579822302,0.7361362414,0.5419046175
2.130000,-1.6319822222,2.6633726790,7.0936254198,0.8498899937,0.7223187915,0.5217611087
2.140000,-1.6206711111,2.6265911555,6.8991522235,0.8453166604,0.7145647790,0.5106157587
2.150000,-1.6120577778,2.5987434503,6.7536047593,0.8389233351,0.7037951812,0.4953356111
2.160000,-1.5990466667,2.5569550411,6.5380682515,0.8290744424,0.6873722706,0.4725022161
2.170000,-1.5852777778,2.5131176053,6.3158806420,0.8156333327,0.6652694026,0.4426145414
2.180000,-1.5729755556,2.4742614082,6.1220615953,0.8094622135,0.6552308076,0.4293319436
2.190000,-1.5615777778,2.4385292279,5.9464645405,0.8015599966,0.6425006048,0.4128126153
2.200000,-1.5467577778,2.3924608356,5.7238804582,0.7862566710,0.6182016747,0.3821785553
2.210000,-1.5350444444,2.3563918430,5.5528702194,0.7746855617,0.6001607098,0.3602484421
2.220000,-1.5218822222,2.3161376158,5.3646058172,0.7647066593,0.5847855069,0.3419957179
2.230000,-1.5064955556,2.2695601583,5.1511874978,0.7517644525,0.5651708648,0.3194657174
2.240000,-1.4880111111,2.2141998245,4.9028824622,0.7218155503,0.5210654367,0.2716089353
2.250000,-1.4695622222,2.1596196647,4.6640136800,0.7047222257,0.4966410912,0.2466675867
2.260000,-1.4616333333,2.1363773039,4.5641532690,0.6960955620,0.4845520178,0.2347964412
2.270000,-1.4386622222,2.0697586430,4.2839808747,0.6673322082,0.4454125910,0.1985358162
2.280000,-1.4236022222,2.0266675785,4.1075776632,0.6421922326,0.4124658035,0.1702173988
2.290000,-1.4010822222,1.9630498883,3.8537103239,0.6115822196,0.3741280074,0.1401146175
2.300000,-1.3838333333,1.9150068647,3.6673444080,0.5775300026,0.3336672470,0.1115006633
2.310000,-1.3590377778,1.8469992870,3.4115216258,0.5171422243,0.2675542088,0.0717136123
2.320000,-1.3431688889,1.8041111157,3.2548778601,0.4812611103,0.2316232620,0.0536595547
2.330000,-1.3154644444,1.7305086934,2.9950878688,0.4247611105,0.1805592551,0.0327005363
2.340000,-1.3021644444,1.6956425357,2.8752734451,0.3843888879,0.1477653772,0.0218407808
2.350000,-1.2853244444,1.6520881955,2.7295897468,0.3340055525,0.1119097542,0.0126830497
2.360000,-1.2663511111,1.6036625768,2.5718458364,0.2737666667,0.0751331183,0.0056994810
2.370000,-1.2448377778,1.5496244928,2.4013571018,0.1924966663,0.0372584137,0.0014189827
2.380000,-1.2323333333,1.5186545969,2.3063672835,0.1672266662,0.0280314327,0.0007929611
2.390000,-1.2220555556,1.4934270337,2.2303677151,0.1173999965,0.0139337647,0.0002031272
2.400000,-1.2052444444,1.4526293571,2.1102202171,0.0970599994,0.0094271032,0.0000891143
2.410000,-1.1948311111,1.4276274557,2.0381548028,0.0733422235,0.0054418596,0.0000310326
2.420000,-1.1838733333,1.4015661889,1.9644443686,0.0542022228,0.0029561438,0.0000089479
2.430000,-1.1706800000,1.3705052553,1.8783591037,0.0209500002,0.0004905192,0.0000003178
2.440000,-1.1616511111,1.3494498580,1.8211039992,0.0204500003,0.0004488453,0.0000002485
2.450000,-1.1536577778,1.3309486817,1.7715437590,0.0259422224,0.0006915727,0.0000005245
2.460000,-1.1423666667,1.3050075882,1.7030760586,0.0054022221,0.0000584377,0.0000000135
2.470000,-1.1344266667,1.2869288391,1.6562114730,0.0273188887,0.0008193265,0.0000008739
2.480000,-1.1230466667,1.2612452662,1.5907975234,0.0405166671,0.0016574400,0.0000028545
2.490000,-1.1150044444,1.2432556565,1.5457877597,0.0231866665,0.0006640979,0.0000006280
2.500000,-1.1102755556,1.2327175602,1.5196209917,0.0202088892,0.0004336199,0.0000002434
2.510000,-1.0975888889,1.2047039025,1.4513237079,0.0175644444,0.0003696538,0.0000002194
2.520000,-1.0886155556,1.1850897495,1.4044658135,0.0039066667,0.0000218404,0.0000000011
2.530000,-1.0803266667,1.1671214028,1.3622455427,0.0055500000,0.0000412211,0.0000000038
2.540000,-1.0749955556,1.1556181869,1.3354660597,0.0158822222,0.0002566501,0.0000000701
2.550000,-1.0674066667,1.1393652853,1.2981910792,0.0094777778,0.0001262055,0.0000000325
2.560000,-1.0579800000,1.1193392306,1.2529988421,0.0109955558,0.0001424001,0.0000000310
2.570000,-1.0507955556,1.1041826692,1.2192695589,0.0164999998,0.0003418738,0.0000001727
2.580000,-1.0444888889,1.0909842023,1.1903653933,0.0063977777,0.0001289154,0.0000000788
2.590000,-1.0356733333,1.0726273671,1.1505643018,0.0079777776,0.0000949620,0.0000000272
2.600000,-1.0291311111,1.0591206586,1.1217781929,0.0137811110,0.0002343566,0.0000000966
2.610000,-1.0189288889,1.0382229980,1.0779357662,0.0101655552,0.0001346042,0.0000000339
2.620000,-1.0135155556,1.0272168786,1.0551872102,0.0067522221,0.0000580183,0.0000000053
2.630000,-1.0071288889,1.0143190698,1.0288857140,0.0104588888,0.0001130855,0.0000000142
2.640000,-1.0027488889,1.0055228817,1.0111467427,0.0110788889,0.0002073323,0.0000000896
2.650000,-0.9958933333,0.9918121312,0.9837253795,0.0044388890,0.0000344773,0.0000000038
2.660000,-0.9862444444,0.9726799353,0.9461133765,0.0084988889,0.0000826203,0.0000000102
2.670000,-0.9834044444,0.9670912735,0.9352925095,0.0055588889,0.0000443019,0.0000000044
2.680000,-0.9751688889,0.9509745937,0.9044296891,0.0093044443,0.0001698566,0.0000000911
2.690000,-0.9702688889,0.9414317098,0.8863312442,0.0032566666,0.0000151650,0.0000000004
2.700000,-0.9662577778,0.9336651000,0.8717715913,0.0067222223,0.0000768572,0.0000000146
2.710000,-0.9595266667,0.9206991332,0.8477153526,0.0062288887,0.0000509757,0.0000000040
2.720000,-0.9517622222,0.9058568784,0.8205968182,0.0061233334,0.0000563570,0.0000000053
2.730000,-0.9440733333,0.8912787662,0.7943931879,0.0064100000,0.0000514718,0.0000000055
2.740000,-0.9408288889,0.8851617783,0.7835212191,0.0035355555,0.0000159278,0.0000000004
2.750000,-0.9361800000,0.8764451773,0.7681987635,0.0055088888,0.0000420354,0.0000000038
2.760000,-0.9304777778,0.8657934327,0.7496139893,0.0041533333,0.0000354219,0.0000000043
2.770000,-0.9239244444,0.8536413439,0.7287205007,0.0036922222,0.0000206229,0.0000000010
2.780000,-0.9130288889,0.8336328558,0.6949806986,0.0040977778,0.0000249851,0.0000000013
2.790000,-0.9138622222,0.8351523011,0.6975064739,0.0047466666,0.0000389307,0.0000000035
2.800000,-0.9093488889,0.8269226485,0.6838250445,0.0067433332,0.0000482326,0.0000000028
2.810000,-0.9047822222,0.8186378653,0.6701908405,0.0041400000,0.0000248169,0.0000000016
2.820000,-0.8962355556,0.8032496203,0.6452466465,0.0056544445,0.0000358601,0.0000000018
2.830000,-0.8940755556,0.7993783824,0.6390291342,0.0032999999,0.0000151598,0.0000000005
2.840000,-0.8902177778,0.7924918560,0.6280565261,0.0056655554,0.0000434351,0.0000000035
2.850000,-0.8819622222,0.7778742169,0.6051408270,0.0063655557,0.0000717263,0.0000000121
2.860000,-0.8776800000,0.7703258654,0.5934132602,0.0048366667,0.0000485051,0.0000000062
2.870000,-0.8744200000,0.7646214437,0.5846799106,0.0056899999,0.0000402302,0.0000000025
2.880000,-0.8671088889,0.7518941979,0.5653941173,0.0026966666,0.0000124543,0.0000000003
2.890000,-0.8649244444,0.7481069182,0.5597017857,0.0030288889,0.0000146080,0.0000000006
2.900000,-0.8619377778,0.7429394604,0.5519671512,0.0047833333,0.0000265732,0.0000000010
2.910000,-0.8566111111,0.7337876050,0.5384589804,0.0028666667,0.0000160913,0.0000000007
2.920000,-0.8539000000,0.7291466179,0.5316588939,0.0036733333,0.0000186255,0.0000000009
2.930000,-0.8485044444,0.7199727138,0.5183979303,0.0050955555,0.0000346827,0.0000000023
2.940000,-0.8445488889,0.7132694445,0.5087721872,0.0075222222,0.0000668647,0.0000000069
2.950000,-0.8405888889,0.7066095199,0.4993531661,0.0035800001,0.0000237495,0.0000000014
2.960000,-0.8331800000,0.6941979654,0.4819359698,0.0035477778,0.0000170847,0.0000000005
2.970000,-0.8321755556,0.6925241217,0.4796116786,0.0037144445,0.0000180468,0.0000000006
2.980000,-0.8236266667,0.6783677822,0.4602015178,0.0044788890,0.0000332967,0.0000000023
2.990000,-0.8213266667,0.6745865072,0.4550912075,0.0055411111,0.0000393433,0.0000000022
3.000000,-0.8205200000,0.6732589250,0.4532933067,0.0024966667,0.0000191021,0.0000000017
