# Temp,E,E^2,E^4,M,M^2,M^4
1.500000,-1.9511284722,3.8069030841,14.4925228069,0.9864746094,0.9731322235,0.9469865911
1.510000,-1.9472384983,3.7917407290,14.3773426829,0.9854003787,0.9710143696,0.9428707058
1.520000,-1.9468478733,3.7902204750,14.3658294107,0.9852186441,0.9706561925,0.9421750594
1.530000,-1.9453450521,3.7843690192,14.3214737934,0.9847791910,0.9697901769,0.9404934599
1.540000,-1.9434027778,3.7768171696,14.2643904314,0.9842420816,0.9687328199,0.9384446118
1.550000,-1.9417154948,3.7702630724,14.2149441866,0.9836425781,0.9675530087,0.9361599367
1.560000,-1.9383409288,3.7571660717,14.1163046387,0.9827148437,0.9657285461,0.9326319418
1.570000,-1.9347384983,3.7432215571,14.0118348650,0.9815538287,0.9634487617,0.9282367654
1.580000,-1.9331054688,3.7369053119,13.9645893961,0.9810818195,0.9625220489,0.9264506678
1.590000,-1.9310112847,3.7288085066,13.9040714437,0.9803738117,0.9611332569,0.9237788532
1.600000,-1.9280598958,3.7174166588,13.8192118522,0.9794867635,0.9593944595,0.9204382652
1.610000,-1.9250651042,3.7058796624,13.7336034385,0.9784505248,0.9573660009,0.9165518468
1.620000,-1.9234157986,3.6995340512,13.6866367686,0.9782958865,0.9570634900,0.9159730058
1.630000,-1.9188585069,3.6820185123,13.5572683160,0.9767523766,0.9540453770,0.9102032372
1.640000,-1.9146918403,3.6660486030,13.4399674851,0.9753472090,0.9513025059,0.9049777051
1.650000,-1.9117730035,3.6548824675,13.3582602591,0.9742811322,0.9492242583,0.9010287193
1.660000,-1.9105957031,3.6503782503,13.3252951076,0.9740559936,0.9487853466,0.9001946511
1.670000,-1.9075249566,3.6386626233,13.2400283593,0.9731255412,0.9469741077,0.8967629507
1.680000,-1.9045301649,3.6272380618,13.1568981793,0.9721001506,0.9449791889,0.8929875048
1.690000,-1.9008897569,3.6133933023,13.0567766463,0.9710042357,0.9428506545,0.8889727466
1.700000,-1.8972222222,3.5994589311,12.9562020341,0.9698838949,0.9406756199,0.8848738193
1.710000,-1.8940049913,3.5872573451,12.8684502324,0.9689100623,0.9387869469,0.8813218251
1.720000,-1.8898817274,3.5716632892,12.7569261112,0.9671820760,0.9354420915,0.8750553594
1.730000,-1.8855902778,3.5554520033,12.6412575481,0.9658908486,0.9329452431,0.8703872434
1.740000,-1.8821885851,3.5426359540,12.5502990277,0.9650038123,0.9312325736,0.8671949103
1.750000,-1.8811903212,3.5388780074,12.5236714644,0.9640679240,0.9294272506,0.8638360862
1.760000,-1.8765950521,3.5216138278,12.4018322058,0.9627929687,0.9269710543,0.8592781330
1.770000,-1.8697699653,3.4960533504,12.2225796966,0.9606309533,0.9228144031,0.8515959273
1.780000,-1.8686197917,3.4917509170,12.1924780755,0.9599880576,0.9215780194,0.8493095462
1.790000,-1.8610080295,3.4633599498,11.9949877774,0.9576198936,0.9170364244,0.8409578723
1.800000,-1.8585232205,3.4541189537,11.9310810144,0.9566731811,0.9152251482,0.8376428261
1.810000,-1.8561686198,3.4453681197,11.8706464896,0.9556749105,0.9133149263,0.8341455844
1.820000,-1.8504720052,3.4242570884,11.7256796299,0.9537055016,0.9095560929,0.8272992300
1.830000,-1.8436631944,3.3991266848,11.5545064015,0.9514675498,0.9052947782,0.8195741144
1.840000,-1.8404025608,3.3870877200,11.4724462803,0.9496202230,0.9017799769,0.8132122120
1.850000,-1.8348687066,3.3667511662,11.3351212756,0.9483669639,0.8994015909,0.8089293185
1.860000,-1.8320855035,3.3565488859,11.2665759350,0.9471001506,0.8970002143,0.8046148355
1.870000,-1.8254231771,3.3321820138,11.1035997974,0.9442084432,0.8915328121,0.7948422400
1.880000,-1.8210015191,3.3160478958,10.9961917352,0.9424614787,0.8882343763,0.7889629274
1.890000,-1.8148708767,3.2937672405,10.8490470590,0.9408447266,0.8851898238,0.7835646512
1.900000,-1.8086480035,3.2712211986,10.7010662377,0.9380615115,0.8799625385,0.7743451205
1.910000,-1.8052408854,3.2588987109,10.6204736569,0.9359429121,0.8759898927,0.7673609462
1.920000,-1.8033365885,3.2520283718,10.5757602384,0.9358235717,0.8757668966,0.7669716466
1.930000,-1.7902072483,3.2048518962,10.2712025924,0.9311360598,0.8670169279,0.7517272478
1.940000,-1.7844997830,3.1844615464,10.1410766334,0.9276638389,0.8605661971,0.7405948616
1.950000,-1.7815809462,3.1740423719,10.0746933058,0.9266113400,0.8586110383,0.7372213694
1.960000,-1.7746365017,3.1493384828,9.9183804308,0.9236300945,0.8530942111,0.7277754044
1.970000,-1.7633409288,3.1094114337,9.6689405827,0.9188368082,0.8442687129,0.7128154867
1.980000,-1.7572102865,3.0878196888,9.5350219182,0.9162190676,0.8394647716,0.7047259200
1.990000,-1.7539388021,3.0763223021,9.4640167991,0.9152587771,0.8377002897,0.7017473305
2.000000,-1.7433322483,3.0392278240,9.2371551441,0.9106445432,0.8292813695,0.6877337735
2.010000,-1.7375379774,3.0190470523,9.1147516939,0.9080919027,0.8246330522,0.6800267482
2.020000,-1.7306966146,2.9953286580,8.9722082146,0.9050292969,0.8190845055,0.6709206528
2.030000,-1.7192762587,2.9559182581,8.7375403386,0.8985243082,0.8073484642,0.6518197245
2.040000,-1.7165093316,2.9464216931,8.6816054040,0.8965955853,0.8038869435,0.6462448223
2.050000,-1.7059353299,2.9102207399,8.4694475232,0.8919026732,0.7954919374,0.6328123760
2.060000,-1.6986816406,2.8855493503,8.3267410316,0.8890082479,0.7903419253,0.6246601502
2.070000,-1.6947319878,2.8721221655,8.2491507324,0.8882622600,0.7890123376,0.6225483604
2.080000,-1.6816894531,2.8280824095,7.9980839473,0.8809651732,0.7761009673,0.6023368489
2.090000,-1.6718207465,2.7950078855,7.8123290264,0.8761745811,0.7676893221,0.5893696906
2.100000,-1.6595811632,2.7542572910,7.5864567578,0.8679226398,0.7533134683,0.5675524361
2.110000,-1.6518554688,2.7286467988,7.4457352452,0.8593912601,0.7385649046,0.5455124884
2.120000,-1.6466200087,2.7114024220,7.3521899562,0.8612413168,0.7417532555,0.5502473946
2.130000,-1.6333875868,2.6679802003,7.1183877810,0.8534044027,0.7283236076,0.5305270756
2.140000,-1.6200032552,2.6244239803,6.8877422814,0.8419840574,0.7089464542,0.5026313905
2.150000,-1.6151801215,2.6088504232,6.8065554329,0.8422553182,0.7094104637,0.5033097473
2.160000,-1.6050672743,2.5762463225,6.6371003880,0.8348008871,0.6968969829,0.4856778610
2.170000,-1.5822536892,2.5035392801,6.2678346030,0.8173692465,0.6680955606,0.4463598872
2.180000,-1.5767903646,2.4862856986,6.1817938060,0.8093804240,0.6550980654,0.4291571263
2.190000,-1.5660481771,2.4525096528,6.0148306614,0.8062988281,0.6501257507,0.4226841405
2.200000,-1.5446397569,2.3859325041,5.6928700090,0.7823676109,0.6121146993,0.3747229007
2.210000,-1.5300075955,2.3409337837,5.4800695581,0.7580837727,0.5747107217,0.3303378137
2.220000,-1.5153808594,2.2964007838,5.2736555313,0.7571940064,0.5733984405,0.3289134082
2.230000,-1.5064507378,2.2694052798,5.1503041730,0.7463840008,0.5570904978,0.3103529891
2.240000,-1.4897623698,2.2194053092,4.9258788542,0.7316189170,0.5352699213,0.2865217683
2.250000,-1.4719889323,2.1668409240,4.6959738862,0.7019178629,0.4927576203,0.2429473306
2.260000,-1.4538194444,2.1136356056,4.4678314614,0.6900038004,0.4761685355,0.2268562914
2.270000,-1.4346354167,2.0582003058,4.2363654084,0.6613715172,0.4374930162,0.1915408411
2.280000,-1.4235297309,2.0264754270,4.1069151366,0.6408799887,0.4108611325,0.1690276473
2.290000,-1.4016818576,1.9647228365,3.8602209843,0.5939453006,0.3527823780,0.1244713449
2.300000,-1.3755588108,1.8922056559,3.5807722304,0.5572754025,0.3106100798,0.0965462947
2.310000,-1.3653049045,1.8640905879,3.4750813762,0.5483452678,0.3007635657,0.0905555971
2.320000,-1.3429090712,1.8034500759,3.2527576547,0.4862874329,0.2366783359,0.0562082855
2.330000,-1.3166666667,1.7336414702,3.0057231837,0.4387613893,0.1925951269,0.0371577390
2.340000,-1.2991807726,1.6878737587,2.8489385750,0.3964084148,0.1575802855,0.0251067102
2.350000,-1.2743164063,1.6238956042,2.6371231979,0.3307020426,0.1095464486,0.0120788836
2.360000,-1.2644422743,1.5988696334,2.5567406176,0.2789767742,0.0781436385,0.0062038530
2.370000,-1.2459689670,1.5524807876,2.4104564659,0.2277181000,0.0519674581,0.0027235357
2.380000,-1.2327256944,1.5196253697,2.3093386628,0.1789740652,0.0321645248,0.0010515245
2.390000,-1.2204644097,1.4895659585,2.2190008182,0.1503824860,0.0228136512,0.0005374729
2.400000,-1.2103569878,1.4650397137,2.1467864642,0.1089436844,0.0119233531,0.0001447911
2.410000,-1.1956380208,1.4295903250,2.0439581456,0.0927544490,0.0086578773,0.0000767644
2.420000,-1.1802897135,1.3930911701,1.9407439761,0.0751898870,0.0056950274,0.0000333421
2.430000,-1.1782063802,1.3882274485,1.9274924394,0.0688666448,0.0047586988,0.0000229405
2.440000,-1.1638943142,1.3546667280,1.8352127555,0.0498833552,0.0025464766,0.0000070796
2.450000,-1.1523817274,1.3280099467,1.7637500313,0.0255154084,0.0007543351,0.0000009834
2.460000,-1.1399631076,1.2995230784,1.6887976226,0.0143419054,0.0002403605,0.0000000875
2.470000,-1.1339246962,1.2858097999,1.6534335025,0.0103379992,0.0001383791,0.0000000317
2.480000,-1.1211046007,1.2569415402,1.5802346132,0.0079725477,0.0001209849,0.0000000381
2.490000,-1.1178765191,1.2496504438,1.5616388925,0.0197916662,0.0004631333,0.0000003657
2.500000,-1.1075520833,1.2266954201,1.5048986449,0.0133056641,0.0002404865,0.0000000931
2.510000,-1.0932671441,1.1952614621,1.4287863897,0.0042154948,0.0000275780,0.0000000019
2.520000,-1.0880154080,1.1837883344,1.4014060489,0.0089029950,0.0001184489,0.0000000284
2.530000,-1.0841091580,1.1753865087,1.3819737019,0.0149549697,0.0003640809,0.0000002879
2.540000,-1.0736056858,1.1526410805,1.3286364010,0.0106391059,0.0001611288,0.0000000500
2.550000,-1.0631130642,1.1302169030,1.2774242276,0.0136176217,0.0002543171,0.0000001155
2.560000,-1.0576497396,1.1186483875,1.2514884621,0.0124945750,0.0002000971,0.0000000693
2.570000,-1.0544108073,1.1118007411,1.2361840181,0.0080919055,0.0000839340,0.0000000118
2.580000,-1.0442599826,1.0904899300,1.1892162877,0.0097846138,0.0001210388,0.0000000241
2.590000,-1.0335666233,1.0683494337,1.1417569820,0.0144232857,0.0002710423,0.0000001211
2.600000,-1.0319390191,1.0649326270,1.1342294896,0.0077853731,0.0000783908,0.0000000094
2.610000,-1.0224989149,1.0455195470,1.0931761566,0.0210801871,0.0006447954,0.0000008834
2.620000,-1.0096299913,1.0193926571,1.0393242796,0.0118055558,0.0002079296,0.0000000874
2.630000,-1.0059136285,1.0118690703,1.0239067030,0.0117838542,0.0001536054,0.0000000303
2.640000,-0.9938585069,0.9877702598,0.9757514659,0.0101915148,0.0001641660,0.0000000671
2.650000,-0.9962727865,0.9925885467,0.9853475628,0.0119764540,0.0001528082,0.0000000291
2.660000,-0.9850585937,0.9703708619,0.9417377601,0.0059407553,0.0000550132,0.0000000053
2.670000,-0.9819715712,0.9643029724,0.9300152469,0.0098741319,0.0001134351,0.0000000201
2.680000,-0.9755316840,0.9516964945,0.9058573189,0.0053955077,0.0000453679,0.0000000058
2.690000,-0.9664333767,0.9340114957,0.8724449761,0.0192708334,0.0004372422,0.0000002772
2.700000,-0.9598036024,0.9212269640,0.8486738947,0.0097059463,0.0001709327,0.0000000861
2.710000,-0.9563151042,0.9145781900,0.8365974817,0.0143364803,0.0003318733,0.0000001925
2.720000,-0.9500108507,0.9025403488,0.8146503402,0.0133951822,0.0002817451,0.0000001868
2.730000,-0.9483398437,0.8993503983,0.8088381131,0.0149766712,0.0003159680,0.0000001943
2.740000,-0.9414767795,0.8864162299,0.7858669443,0.0198269313,0.0004756464,0.0000003676
2.750000,-0.9326280382,0.8698219735,0.7566838889,0.0086941189,0.0001036296,0.0000000248
2.760000,-0.9270941840,0.8595351316,0.7389096436,0.0122802737,0.0001910763,0.0000000592
2.770000,-0.9223090278,0.8506953131,0.7238229366,0.0063232422,0.0000549223,0.0000000058
2.780000,-0.9174696181,0.8417692617,0.7086387748,0.0068657770,0.0000484382,0.0000000026
2.790000,-0.9122558594,0.8322275640,0.6926586376,0.0132378470,0.0002356818,0.0000000857
2.800000,-0.9067599826,0.8222177352,0.6760554207,0.0031575522,0.0000263711,0.0000000030
2.810000,-0.9037109375,0.8166979416,0.6670101547,0.0100938584,0.0001224791,0.0000000265
2.820000,-0.8989908854,0.8082135180,0.6533026100,0.0116834851,0.0001860326,0.0000000592
2.830000,-0.8915852865,0.7949343642,0.6319525969,0.0104899090,0.0001859594,0.0000001012
2.840000,-0.8895670573,0.7913358292,0.6262322651,0.0105929905,0.0001450343,0.0000000400
2.850000,-0.8872016059,0.7871488284,0.6196727998,0.0082438149,0.0001055654,0.0000000232
2.860000,-0.8815212674,0.7771011061,0.6039528131,0.0087185329,0.0000926832,0.0000000146
2.870000,-0.8768771701,0.7689271462,0.5912906416,0.0056369359,0.0000390967,0.0000000024
2.880000,-0.8686794705,0.7546656160,0.5697051228,0.0107611764,0.0002177295,0.0000001441
2.890000,-0.8652072483,0.7486045957,0.5604719309,0.0046983507,0.0000255167,0.0000000010
2.900000,-0.8589463976,0.7378588846,0.5446405687,0.0081054686,0.0001071494,0.0000000295
2.910000,-0.8550781250,0.7311592235,0.5345956360,0.0064670140,0.0000656470,0.0000000083
2.920000,-0.8523111979,0.7264531986,0.5277890008,0.0137749569,0.0002379605,0.0000000990
2.930000,-0.8454481337,0.7148111018,0.5110370076,0.0068386501,0.0000738959,0.0000000116
2.940000,-0.8417046441,0.7084851717,0.5020035888,0.0027452257,0.0000129369,0.0000000005
2.950000,-0.8347276476,0.6967934416,0.4855859916,0.0039957682,0.0000259693,0.0000000013
2.960000,-0.8350911458,0.6973854821,0.4863695103,0.0106879340,0.0001859975,0.0000000974
2.970000,-0.8312717014,0.6910158599,0.4775118104,0.0067382813,0.0000559356,0.0000000066
2.980000,-0.8250054253,0.6806395912,0.4632856357,0.0059380425,0.0000479557,0.0000000040
2.990000,-0.8234592014,0.6781088355,0.4598961232,0.0060628255,0.0000503893,0.0000000045
3.000000,-0.8174533420,0.6682421168,0.4465798998,0.0056098090,0.0000604621,0.0000000105
