# Temp,E,E^2,E^4,M,M^2,M^4
1.500000,-1.9509848000,3.8063417847,14.4882392267,0.9864544034,0.9730922994,0.9469086600
1.510000,-1.9490840000,3.7989289385,14.4318686665,0.9858963966,0.9719917545,0.9447681635
1.520000,-1.9467920000,3.7899992167,14.3640959639,0.9851691961,0.9705583585,0.9419835799
1.530000,-1.9448456000,3.7824250195,14.3067482832,0.9846820116,0.9695987253,0.9401219260
1.540000,-1.9425568000,3.7735273082,14.2395141864,0.9839895964,0.9682355548,0.9374802022
1.550000,-1.9401512000,3.7641870307,14.1691092993,0.9832727790,0.9668254028,0.9347515330
1.560000,-1.9381600000,3.7564645499,14.1110313889,0.9826067924,0.9655161456,0.9322215702
1.570000,-1.9354056000,3.7457950026,14.0309826914,0.9818171978,0.9639650314,0.9292286646
1.580000,-1.9331600000,3.7371079139,13.9659804661,0.9811400056,0.9626357396,0.9266676789
1.590000,-1.9303904000,3.7264072318,13.8861128757,0.9802695990,0.9609285095,0.9233836882
1.600000,-1.9290104000,3.7210821424,13.8464674772,0.9798472047,0.9601006665,0.9217937582
1.610000,-1.9261768000,3.7101576124,13.7652776358,0.9790340066,0.9585076453,0.9187371333
1.620000,-1.9230008000,3.6979321035,13.6747022377,0.9779412031,0.9563690066,0.9146417145
1.630000,-1.9201736000,3.6870671940,13.5944724561,0.9771147966,0.9547534023,0.9115543512
1.640000,-1.9168072000,3.6741515485,13.4994146863,0.9760767937,0.9527260742,0.9076876095
1.650000,-1.9147760000,3.6663686116,13.4422805192,0.9754456043,0.9514942506,0.9053417796
1.660000,-1.9108856000,3.6514840473,13.3333397063,0.9742227793,0.9491100547,0.9008100136
1.670000,-1.9081656000,3.6410961607,13.2575842182,0.9733519912,0.9474141265,0.8975936322
1.680000,-1.9048832000,3.6285812079,13.1666190259,0.9721267939,0.9450306375,0.8930834127
1.690000,-1.9020664000,3.6178571005,13.0888973852,0.9713332057,0.9434882648,0.8901703635
1.700000,-1.8977128000,3.6013145288,12.9694758045,0.9698464036,0.9406020693,0.8847323383
1.710000,-1.8940528000,3.5874374734,12.8697286246,0.9686971903,0.9383743409,0.8805467583
1.720000,-1.8906560000,3.5745809422,12.7776408022,0.9676240087,0.9362963453,0.8766513075
1.730000,-1.8873888000,3.5622366392,12.6895321092,0.9664664030,0.9340573543,0.8724633133
1.740000,-1.8840056000,3.5494775786,12.5987978657,0.9654331923,0.9320613017,0.8687384674
1.750000,-1.8800160000,3.5344605938,12.4924178207,0.9640956163,0.9294803811,0.8639338669
1.760000,-1.8761240000,3.5198419307,12.3892966118,0.9627692103,0.9269245878,0.8591893225
1.770000,-1.8712872000,3.5017168492,12.2620357963,0.9610700011,0.9236556932,0.8531403795
1.780000,-1.8677720000,3.4885728007,12.1701479554,0.9598592043,0.9213297163,0.8488485352
1.790000,-1.8642768000,3.4755288081,12.0793119124,0.9585819960,0.9188796103,0.8443403530
1.800000,-1.8589776000,3.4557980357,11.9425444636,0.9566696048,0.9152168063,0.8376220718
1.810000,-1.8542064000,3.4380815229,11.8204066075,0.9549823999,0.9119914365,0.8317285709
1.820000,-1.8507616000,3.4253200975,11.7328396761,0.9538347960,0.9098010905,0.8277390163
1.830000,-1.8459664000,3.4075931478,11.6117073957,0.9519868016,0.9062790625,0.8213424350
1.840000,-1.8395488000,3.3839410986,11.4510751129,0.9496356010,0.9018079219,0.8132580588
1.850000,-1.8370912000,3.3749043009,11.3899820615,0.9487231970,0.9000757449,0.8101364919
1.860000,-1.8317880000,3.3554476090,11.2590331139,0.9467592001,0.8963530760,0.8034491704
1.870000,-1.8266024000,3.3364790831,11.1321294250,0.9449219942,0.8928778493,0.7972318329
1.880000,-1.8206824000,3.3148853112,10.9884766883,0.9424920082,0.8882912655,0.7890616567
1.890000,-1.8145984000,3.2927720428,10.8424094959,0.9402632117,0.8840955258,0.7816270863
1.900000,-1.8102568000,3.2770311372,10.7389521510,0.9387063861,0.8811698220,0.7764607582
1.910000,-1.8035960000,3.2529600878,10.5817695822,0.9360651970,0.8762184202,0.7677600064
1.920000,-1.7994112000,3.2378808900,10.4838755508,0.9344779968,0.8732491411,0.7625641133
1.930000,-1.7923256000,3.2124333645,10.3197577855,0.9313544154,0.8674215452,0.7524218652
1.940000,-1.7859424000,3.1895926554,10.1735319188,0.9288972139,0.8628507129,0.7445136953
1.950000,-1.7803264000,3.1695643181,10.0461662063,0.9265355945,0.8584685523,0.7369694379
1.960000,-1.7727120000,3.1425087063,9.8753719196,0.9235399961,0.8529262791,0.7274837652
1.970000,-1.7665120000,3.1205654899,9.7379395065,0.9208804011,0.8480211206,0.7191412027
1.980000,-1.7593120000,3.0951809050,9.5801719634,0.9175635934,0.8419232262,0.7088356557
1.990000,-1.7535672000,3.0749989304,9.4556307845,0.9148455977,0.8369429038,0.7004748851
2.000000,-1.7460680000,3.0487550389,9.2949265164,0.9113703966,0.8305965069,0.6898922412
2.010000,-1.7374832000,3.0188484775,9.1134534641,0.9075619936,0.8236690687,0.6784317112
2.020000,-1.7289216000,2.9891737082,8.9352050549,0.9032047987,0.8157793133,0.6654972107
2.030000,-1.7220776000,2.9655569946,8.7945963190,0.9001304030,0.8102364903,0.6564888329
2.040000,-1.7136816000,2.9367060909,8.6242598708,0.8960656047,0.8029337310,0.6447031001
2.050000,-1.7057512000,2.9095889565,8.4657288418,0.8923056006,0.7962093789,0.6339496744
2.060000,-1.6993424000,2.8877665963,8.3392190584,0.8891983986,0.7906753227,0.6251723081
2.070000,-1.6893624000,2.8539477813,8.1450460450,0.8838564038,0.7812025442,0.6102786703
2.080000,-1.6823960000,2.8304587942,8.0115251763,0.8803568006,0.7750287629,0.6006716486
2.090000,-1.6697048000,2.7879174375,7.7725206535,0.8733671904,0.7627712731,0.5818231363
2.100000,-1.6631696000,2.7661363126,7.6515454160,0.8696395993,0.7562739693,0.5719531465
2.110000,-1.6519120000,2.7288174811,7.4464910074,0.8630627990,0.7448779706,0.5548449056
2.120000,-1.6428376000,2.6989185691,7.2841958610,0.8584964037,0.7370179317,0.5432008976
2.130000,-1.6341952000,2.6705966234,7.1321148493,0.8525935888,0.7269186646,0.5284189892
2.140000,-1.6230792000,2.6343883473,6.9400257556,0.8455335975,0.7149287610,0.5111279862
2.150000,-1.6087752000,2.5881661103,6.6986914534,0.8358415961,0.6986338688,0.4880968062
2.160000,-1.6003672000,2.5611765897,6.5596400213,0.8310603976,0.6906626880,0.4770185500
2.170000,-1.5867848000,2.5178941018,6.3398722660,0.8202927947,0.6728866864,0.4527937526
2.180000,-1.5756616000,2.4827118247,6.1638813025,0.8124812126,0.6601271059,0.4357714520
2.190000,-1.5641616000,2.4466106042,5.9859923610,0.8021151900,0.6433942089,0.4139700550
2.200000,-1.5475552000,2.3949302213,5.7357207038,0.7909643888,0.6256287561,0.3914215712
2.210000,-1.5357152000,2.3584236824,5.5621859194,0.7783363938,0.6058102769,0.3670127139
2.220000,-1.5205048000,2.3119420959,5.3451432317,0.7644764066,0.5844287425,0.3415676541
2.230000,-1.5049880000,2.2649979526,5.1302980514,0.7486707926,0.5605243763,0.3142245568
2.240000,-1.4905824000,2.2218372701,4.9365731189,0.7325872064,0.5366890024,0.2880458296
2.250000,-1.4757824000,2.1779429224,4.7435158509,0.7163767934,0.5132089890,0.2634107686
2.260000,-1.4579288000,2.1255574466,4.5180034780,0.6941311836,0.4818237769,0.2321651263
2.270000,-1.4402736000,2.0743920689,4.3031358342,0.6706604004,0.4498142550,0.2023846302
2.280000,-1.4208584000,2.0188668190,4.0760516408,0.6411595941,0.4111547178,0.1691622256
2.290000,-1.4040800000,1.9714533213,3.8867283965,0.6104480028,0.3726972610,0.1389785577
2.300000,-1.3807992000,1.9066090846,3.6351784446,0.5668195963,0.3213329503,0.1033176943
2.310000,-1.3620056000,1.8550798737,3.4414743794,0.5231223941,0.2737629698,0.0750617819
2.320000,-1.3433544000,1.8046072127,3.2566518368,0.4854599953,0.2357775545,0.0556914931
2.330000,-1.3213256000,1.7459074095,3.0482349646,0.4388239980,0.1926533341,0.0371822391
2.340000,-1.3063792000,1.7066304239,2.9126133756,0.3986523986,0.1590737834,0.0254000636
2.350000,-1.2840456000,1.6488086011,2.7188033889,0.3382572055,0.1146311633,0.0132378345
2.360000,-1.2665480000,1.6041507445,2.5733438933,0.2854228020,0.0815611107,0.0066834385
2.370000,-1.2486816000,1.5592081367,2.4311449781,0.2424764037,0.0589082386,0.0034964501
2.380000,-1.2323312000,1.5186446627,2.3063087937,0.1870627999,0.0351948077,0.0012663710
2.390000,-1.2167808000,1.4805586757,2.1920727184,0.1390011996,0.0193904010,0.0003813924
2.400000,-1.2104520000,1.4651962141,2.1468126663,0.0993320018,0.0099050052,0.0000995704
2.410000,-1.1970776000,1.4329978181,2.0535001723,0.0620448001,0.0039206066,0.0000163907
2.420000,-1.1846208000,1.4033344586,1.9693926148,0.0342148002,0.0012526776,0.0000019395
2.430000,-1.1719080000,1.3733790301,1.8862285781,0.0127724001,0.0001692224,0.0000000328
2.440000,-1.1632952000,1.3532599911,1.8313357343,0.0115119999,0.0001399494,0.0000000246
2.450000,-1.1550392000,1.3341171181,1.7798768309,0.0061656000,0.0000467570,0.0000000032
2.460000,-1.1424680000,1.3052416648,1.7037003832,0.0119624002,0.0001453907,0.0000000224
2.470000,-1.1325992000,1.2827812860,1.6455295631,0.0030420000,0.0000158150,0.0000000005
2.480000,-1.1237048000,1.2627176891,1.5944823081,0.0037407999,0.0000226397,0.0000000010
2.490000,-1.1144088000,1.2419070917,1.5423338112,0.0087656000,0.0000846998,0.0000000095
2.500000,-1.1070512000,1.2255676940,1.5020422941,0.0035440000,0.0000157807,0.0000000004
2.510000,-1.0986568000,1.2070472715,1.4569655631,0.0071159999,0.0000746424,0.0000000127
2.520000,-1.0892304000,1.1864253724,1.4076170616,0.0022480000,0.0000088600,0.0000000002
2.530000,-1.0821408000,1.1710305047,1.3713208443,0.0052535999,0.0000524205,0.0000000081
2.540000,-1.0719480000,1.1490731618,1.3203721046,0.0044200001,0.0000268602,0.0000000014
2.550000,-1.0651264000,1.1345041081,1.2871443426,0.0066887999,0.0000590956,0.0000000074
2.560000,-1.0581392000,1.1196712908,1.2537206550,0.0071995999,0.0000644503,0.0000000069
2.570000,-1.0510896000,1.1047945123,1.2205937270,0.0053579999,0.0000397291,0.0000000029
2.580000,-1.0439072000,1.0897473588,1.1875715900,0.0108515999,0.0001254177,0.0000000194
2.590000,-1.0361424000,1.0735942313,1.1526181259,0.0064212001,0.0000547270,0.0000000051
2.600000,-1.0280920000,1.0569754447,1.1172067451,0.0028780000,0.0000108438,0.0000000002
2.610000,-1.0211312000,1.0427119995,1.0872611274,0.0022192000,0.0000113191,0.0000000005
2.620000,-1.0169024000,1.0340969343,1.0693831113,0.0091552001,0.0001075486,0.0000000187
2.630000,-1.0066600000,1.0133680975,1.0269300600,0.0049295999,0.0000355824,0.0000000031
2.640000,-1.0027208000,1.0054568714,1.0109750858,0.0023632000,0.0000088416,0.0000000001
2.650000,-0.9943888000,0.9888099173,0.9777483402,0.0026791999,0.0000088983,0.0000000001
2.660000,-0.9892224000,0.9785654980,0.9576082197,0.0032855999,0.0000164022,0.0000000006
2.670000,-0.9810440000,0.9624507351,0.9263245059,0.0026164001,0.0000092066,0.0000000002
2.680000,-0.9745200000,0.9496989627,0.9019651912,0.0029876000,0.0000180124,0.0000000009
2.690000,-0.9698576000,0.9406261492,0.8847865096,0.0050384000,0.0000356617,0.0000000026
2.700000,-0.9635152000,0.9283651417,0.8618752252,0.0048771999,0.0000288342,0.0000000013
2.710000,-0.9580456000,0.9178541027,0.8424661732,0.0035000001,0.0000158810,0.0000000004
2.720000,-0.9530384000,0.9082878826,0.8250075716,0.0035068000,0.0000195693,0.0000000009
2.730000,-0.9459240000,0.8947746674,0.8006304928,0.0032020000,0.0000166799,0.0000000006
2.740000,-0.9398456000,0.8833104583,0.7802398619,0.0034684000,0.0000150907,0.0000000004
2.750000,-0.9327704000,0.8700621409,0.7570134258,0.0016576000,0.0000037481,0.0000000000
2.760000,-0.9298760000,0.8646713281,0.7476632690,0.0060339999,0.0000574537,0.0000000058
2.770000,-0.9227112000,0.8513972601,0.7248817232,0.0045027999,0.0000268846,0.0000000014
2.780000,-0.9171624000,0.8411903716,0.7076130544,0.0032592000,0.0000133949,0.0000000003
2.790000,-0.9143848000,0.8361059026,0.6990942783,0.0031568000,0.0000157030,0.0000000005
2.800000,-0.9071848000,0.8229903077,0.6773329110,0.0060248001,0.0000390451,0.0000000021
2.810000,-0.9014848000,0.8126808313,0.6604695822,0.0025696000,0.0000088030,0.0000000001
2.820000,-0.8981000000,0.8065859901,0.6505886430,0.0027368000,0.0000119806,0.0000000003
2.830000,-0.8944160000,0.7999839647,0.6399870908,0.0029340000,0.0000115591,0.0000000002
2.840000,-0.8879760000,0.7885094559,0.6217725873,0.0012928000,0.0000035627,0.0000000000
2.850000,-0.8822592000,0.7783849996,0.6058947306,0.0035876000,0.0000235593,0.0000000013
2.860000,-0.8771752000,0.7694387325,0.5920433428,0.0030983999,0.0000111950,0.0000000002
2.870000,-0.8742624000,0.7643383533,0.5842241255,0.0013556000,0.0000023705,0.0000000000
2.880000,-0.8679072000,0.7532718452,0.5674454060,0.0028500000,0.0000105134,0.0000000002
2.890000,-0.8641664000,0.7467841021,0.5576880940,0.0059380000,0.0000491006,0.0000000043
2.900000,-0.8607512000,0.7408929744,0.5489234260,0.0036948000,0.0000213496,0.0000000010
2.910000,-0.8563400000,0.7333200358,0.5377636806,0.0040416000,0.0000198532,0.0000000006
2.920000,-0.8515512000,0.7251432242,0.5258436227,0.0023284000,0.0000058823,0.0000000000
2.930000,-0.8493472000,0.7213952259,0.5204242160,0.0038003999,0.0000251459,0.0000000020
2.940000,-0.8424904000,0.7097953962,0.5038246716,0.0014276000,0.0000026357,0.0000000000
2.950000,-0.8392176000,0.7042924586,0.4960455025,0.0007964000,0.0000009516,0.0000000000
2.960000,-0.8331112000,0.6940779341,0.4817543711,0.0032160001,0.0000128841,0.0000000003
2.970000,-0.8294928000,0.6880637574,0.4734467363,0.0038876000,0.0000229065,0.0000000011
2.980000,-0.8261736000,0.6825646249,0.4658994128,0.0021696001,0.0000069819,0.0000000001
2.990000,-0.8209520000,0.6739658463,0.4542398088,0.0026260000,0.0000100958,0.0000000002
3.000000,-0.8181736000,0.6694107701,0.4481181019,0.0031656001,0.0000133304,0.0000000004
