# Temp,E,E^2,E^4,M,M^2,M^4
1.500000,-1.9470636000,3.7910577602,14.3721355775,0.9852311850,0.9706805846,0.9422211729
1.510000,-1.9458074000,3.7861666110,14.3350602270,0.9848968029,0.9700217230,0.9409421843
1.520000,-1.9432578000,3.7762512357,14.2600788066,0.9840947986,0.9684426191,0.9378812865
1.530000,-1.9413400000,3.7688011717,14.2038649260,0.9835388064,0.9673486040,0.9357634000
1.540000,-1.9394612000,3.7615099841,14.1489609379,0.9829839826,0.9662575257,0.9336536668
1.550000,-1.9364034000,3.7496588595,14.0599525401,0.9820795894,0.9644804091,0.9302228038
1.560000,-1.9341930000,3.7411027513,13.9958526403,0.9813719988,0.9630910159,0.9275443661
1.570000,-1.9317110000,3.7315075941,13.9241520075,0.9806703925,0.9617144475,0.9248947889
1.580000,-1.9293118000,3.7222453320,13.8551298091,0.9798952103,0.9601947709,0.9219745655
1.590000,-1.9267350000,3.7123086964,13.7812497505,0.9791004062,0.9586377030,0.9189866200
1.600000,-1.9245004000,3.7037021446,13.7174148356,0.9783900023,0.9572470330,0.9163220219
1.610000,-1.9218624000,3.6935556221,13.6423610772,0.9775032043,0.9555125611,0.9130044328
1.620000,-1.9188546000,3.6820033317,13.5571537739,0.9766031981,0.9537538491,0.9096465674
1.630000,-1.9159422000,3.6708347122,13.4750303997,0.9756999969,0.9519904989,0.9062859666
1.640000,-1.9134284000,3.6612090799,13.4044642008,0.9749531865,0.9505337752,0.9035146831
1.650000,-1.9103584000,3.6494695489,13.3186328416,0.9738708138,0.9484244060,0.8995090207
1.660000,-1.9073648000,3.6380407298,13.2353439832,0.9729847908,0.9466994304,0.8962399149
1.670000,-1.9041168000,3.6256627223,13.1454581999,0.9719668031,0.9447196373,0.8924958388
1.680000,-1.9014762000,3.6156121908,13.0726580464,0.9709608078,0.9427649377,0.8888059063
1.690000,-1.8971266000,3.5990899386,12.9534570592,0.9697188139,0.9403546463,0.8842671179
1.700000,-1.8942858000,3.5883194126,12.8760465437,0.9687155962,0.9384099812,0.8806135739
1.710000,-1.8906222000,3.5744527462,12.7767187692,0.9674911976,0.9360392877,0.8761698112
1.720000,-1.8864054000,3.5585258471,12.6631135178,0.9660583973,0.9332688602,0.8709908897
1.730000,-1.8844802000,3.5512664003,12.6115040738,0.9654528141,0.9320992482,0.8688094257
1.740000,-1.8799316000,3.5341438687,12.4901877003,0.9640420079,0.9293771293,0.8637423551
1.750000,-1.8750808000,3.5159286675,12.3617636931,0.9623076081,0.9260360443,0.8575431691
1.760000,-1.8717378000,3.5034034847,12.2738512876,0.9612079978,0.9239209314,0.8536303177
1.770000,-1.8679890000,3.4893840996,12.1758180709,0.9599499941,0.9215042600,0.8491710914
1.780000,-1.8625564000,3.4691176278,12.0347949287,0.9578607917,0.9174974282,0.8418020149
1.790000,-1.8600982000,3.4599659640,11.9713734776,0.9569396138,0.9157335330,0.8385683009
1.800000,-1.8549908000,3.4409911556,11.8404240914,0.9552995920,0.9125974221,0.8328344621
1.810000,-1.8505906000,3.4246867228,11.7284949581,0.9536499858,0.9094484888,0.8270972575
1.820000,-1.8457244000,3.4066988076,11.6056001282,0.9518048167,0.9059324672,0.8207138456
1.830000,-1.8406218000,3.3878896694,11.4778107550,0.9501408100,0.9027677028,0.8149900448
1.840000,-1.8365658000,3.3729740935,11.3769563379,0.9485575914,0.8997615570,0.8095710491
1.850000,-1.8319282000,3.3559662013,11.2625798746,0.9466963887,0.8962349789,0.8032404570
1.860000,-1.8268512000,3.3373854241,11.1381430330,0.9448851943,0.8928080739,0.7971064120
1.870000,-1.8212818000,3.3170691086,11.0029702096,0.9426231980,0.8885387755,0.7895021580
1.880000,-1.8156280000,3.2965064642,10.8669737308,0.9405564070,0.8846467679,0.7826013663
1.890000,-1.8095828000,3.2745902398,10.7229455578,0.9380516052,0.8799409881,0.7742967550
1.900000,-1.8044302000,3.2559693085,10.6013486603,0.9361012101,0.8762855687,0.7678767245
1.910000,-1.7999358000,3.2397693925,10.4961123028,0.9343799949,0.8730660588,0.7622446361
1.920000,-1.7928944000,3.2144724027,10.3328594889,0.9312664032,0.8672575172,0.7521370003
1.930000,-1.7882148000,3.1977126202,10.2253717481,0.9296571970,0.8642626955,0.7469506694
1.940000,-1.7803702000,3.1697185896,10.0471227923,0.9264515877,0.8583125787,0.7367006006
1.950000,-1.7744784000,3.1487747940,9.9147978361,0.9238163948,0.8534370925,0.7283561036
1.960000,-1.7672608000,3.1232132192,9.7544918205,0.9209040046,0.8480649801,0.7192169044
1.970000,-1.7615878000,3.1031929146,9.6298228692,0.9184792161,0.8436045364,0.7116701874
1.980000,-1.7538520000,3.0760002208,9.4618189735,0.9147003889,0.8366775979,0.7000320670
1.990000,-1.7477614000,3.0546719895,9.3310463657,0.9118739963,0.8315147010,0.6914184146
2.000000,-1.7400740000,3.0278594483,9.1679561197,0.9085891962,0.8255348573,0.6815095499
2.010000,-1.7339812000,3.0066910606,9.0401942454,0.9059327960,0.8207142434,0.6735719103
2.020000,-1.7258904000,2.9786993375,8.8726695679,0.9019248009,0.8134684008,0.6617310161
2.030000,-1.7173888000,2.9494260041,8.6991339646,0.8970588088,0.8047149375,0.6475675178
2.040000,-1.7103992000,2.9254671174,8.5583776939,0.8941048026,0.7994244268,0.6390827036
2.050000,-1.7024794000,2.8984374877,8.4009558714,0.8904095888,0.7928298299,0.6285810231
2.060000,-1.6907762000,2.8587272559,8.1723569609,0.8845407963,0.7824135326,0.6121744165
2.070000,-1.6852670000,2.8401277291,8.0663580937,0.8804647923,0.7752192401,0.6009679399
2.080000,-1.6766236000,2.8110744593,7.9022268669,0.8761988044,0.7677266329,0.5894111997
2.090000,-1.6670692000,2.7791230481,7.7235619461,0.8716851950,0.7598354925,0.5773512323
2.100000,-1.6564600000,2.7438635064,7.5288283519,0.8657395959,0.7495065430,0.5617645399
2.110000,-1.6477730000,2.7151594387,7.3721296589,0.8592083812,0.7382408587,0.5450049325
2.120000,-1.6383146000,2.6840760646,7.2042786639,0.8554892063,0.7318621473,0.5356232714
2.130000,-1.6288036000,2.6530027781,7.0384408397,0.8489111900,0.7206507792,0.5193391915
2.140000,-1.6146360000,2.6070520420,6.7967477802,0.8392728090,0.7043809623,0.4961585017
2.150000,-1.6074544000,2.5839100772,6.6765957218,0.8346620083,0.6966612057,0.4853383344
2.160000,-1.5947142000,2.5431203299,6.4675317913,0.8268151879,0.6836247488,0.4673466127
2.170000,-1.5810080000,2.4995881989,6.2479601982,0.8152943850,0.6647069407,0.4418406552
2.180000,-1.5702200000,2.4655945270,6.0791926604,0.8080384135,0.6529284727,0.4263218455
2.190000,-1.5574354000,2.4256156402,5.8837143383,0.7974295974,0.6359118344,0.4044293405
2.200000,-1.5413580000,2.3757926231,5.6444679322,0.7820487976,0.6116056653,0.3740745662
2.210000,-1.5277848000,2.3341406349,5.4483453373,0.7702564001,0.5933205412,0.3520897845
2.220000,-1.5171622000,2.3017885107,5.2982982483,0.7628960013,0.5820169871,0.3387592877
2.230000,-1.5012274000,2.2537049628,5.0793778696,0.7463188052,0.5570319624,0.3103744945
2.240000,-1.4846330000,2.2041423380,4.8583068753,0.7248223901,0.5253746298,0.2760335062
2.250000,-1.4694916000,2.1594132503,4.6631319528,0.7122343898,0.5072863522,0.2573566667
2.260000,-1.4536330000,2.1130596900,4.4651127220,0.6919663906,0.4788373240,0.2293234503
2.270000,-1.4354488000,2.0605204546,4.2458038409,0.6689507961,0.4475145138,0.2003038776
2.280000,-1.4168762000,2.0075389950,4.0302194782,0.6336660028,0.4015695866,0.1613176741
2.290000,-1.3968678000,1.9512603989,3.8075791684,0.6076247931,0.3692708386,0.1364533964
2.300000,-1.3778792000,1.8985655837,3.6046612089,0.5612079978,0.3150702323,0.0994152991
2.310000,-1.3552574000,1.8367411247,3.3737540392,0.5138852000,0.2641372026,0.0698306985
2.320000,-1.3387064000,1.7921429866,3.2118349043,0.4778152049,0.2283677964,0.0522075655
2.330000,-1.3186320000,1.7388033364,3.0235273157,0.4324060082,0.1871375884,0.0351409964
2.340000,-1.2973166000,1.6830347529,2.8326355582,0.3682335973,0.1357769970,0.0185344218
2.350000,-1.2792812000,1.6365840146,2.6785611662,0.3197651982,0.1023790284,0.0105334986
2.360000,-1.2626550000,1.5943216546,2.5420151170,0.2691447973,0.0726265099,0.0053303554
2.370000,-1.2467384000,1.5543690176,2.4161399952,0.2255560011,0.0511775738,0.0026795374
2.380000,-1.2324336000,1.5188959885,2.3070657423,0.1706272036,0.0292140451,0.0008651907
2.390000,-1.2170144000,1.4811294167,2.1937761682,0.1211024001,0.0148630400,0.0002328331
2.400000,-1.2053502000,1.4528773915,2.1109009304,0.0834455997,0.0070091591,0.0000505020
2.410000,-1.1927470000,1.4226523377,2.0239791655,0.0674284004,0.0045663787,0.0000212035
2.420000,-1.1829166000,1.3992934655,1.9580321890,0.0589380004,0.0034983486,0.0000125781
2.430000,-1.1718566000,1.3732515195,1.8858396426,0.0448555999,0.0020170166,0.0000041086
2.440000,-1.1592014000,1.3437555894,1.8057204427,0.0354160007,0.0012795480,0.0000017755
2.450000,-1.1500970000,1.3227237860,1.7496017935,0.0303252000,0.0009379981,0.0000009480
2.460000,-1.1418310000,1.3037829709,1.6998757881,0.0221396003,0.0004926342,0.0000002473
2.470000,-1.1311958000,1.2796082767,1.6374195601,0.0164603997,0.0002780118,0.0000000833
2.480000,-1.1229034000,1.2609146742,1.5899190641,0.0087891999,0.0001235735,0.0000000440
2.490000,-1.1161188000,1.2457238022,1.5518408795,0.0016540000,0.0000030643,0.0000000000
2.500000,-1.1037090000,1.2181771832,1.4839733357,0.0040468000,0.0000216796,0.0000000009
2.510000,-1.0972256000,1.2039071051,1.4494071949,0.0101047999,0.0001134004,0.0000000173
2.520000,-1.0880326000,1.1838196014,1.4014509212,0.0090327999,0.0000945937,0.0000000128
2.530000,-1.0792164000,1.1647121780,1.3565736996,0.0068319999,0.0000568762,0.0000000052
2.540000,-1.0721506000,1.1495132810,1.3214100656,0.0052615999,0.0000396116,0.0000000036
2.550000,-1.0634012000,1.1308230947,1.2787653145,0.0033248000,0.0000149257,0.0000000004
2.560000,-1.0550262000,1.1130859231,1.2389854643,0.0023352000,0.0000070720,0.0000000001
2.570000,-1.0495684000,1.1015983616,1.2135389455,0.0098468002,0.0000984896,0.0000000103
2.580000,-1.0421374000,1.0860512211,1.1795109957,0.0024563999,0.0000117550,0.0000000005
2.590000,-1.0344236000,1.0700357143,1.1449915265,0.0044760000,0.0000250509,0.0000000010
2.600000,-1.0270748000,1.0548885815,1.1128149937,0.0056560000,0.0000445765,0.0000000044
2.610000,-1.0186392000,1.0376272276,1.0766761058,0.0039280001,0.0000293735,0.0000000021
2.620000,-1.0128666000,1.0259077007,1.0525233185,0.0103499999,0.0001296783,0.0000000274
2.630000,-1.0056478000,1.0113280539,1.0227866830,0.0054147999,0.0000368260,0.0000000020
2.640000,-0.9980680000,0.9961418525,0.9923070366,0.0036471999,0.0000208252,0.0000000013
2.650000,-0.9944806000,0.9889931824,0.9781135221,0.0017964000,0.0000052949,0.0000000001
2.660000,-0.9874834000,0.9751282088,0.9508935231,0.0020592000,0.0000093494,0.0000000003
2.670000,-0.9814444000,0.9632350131,0.9278290221,0.0049700001,0.0000258583,0.0000000008
2.680000,-0.9737882000,0.9482659140,0.8992175483,0.0020432000,0.0000053503,0.0000000000
2.690000,-0.9677982000,0.9366368696,0.8773017965,0.0031736000,0.0000122783,0.0000000002
2.700000,-0.9624754000,0.9263615201,0.8581554018,0.0038552000,0.0000169179,0.0000000004
2.710000,-0.9546906000,0.9114378815,0.8307326156,0.0029568000,0.0000102010,0.0000000002
2.720000,-0.9503294000,0.9031286494,0.8156510570,0.0043056000,0.0000245587,0.0000000010
2.730000,-0.9431470000,0.8895273649,0.7912628498,0.0021164000,0.0000059465,0.0000000001
2.740000,-0.9373774000,0.8786823420,0.7721035891,0.0035784000,0.0000214730,0.0000000015
2.750000,-0.9319742000,0.8685763464,0.7544263874,0.0055955998,0.0000490368,0.0000000043
2.760000,-0.9291708000,0.8633597888,0.7453950099,0.0003844000,0.0000002820,0.0000000000
2.770000,-0.9212348000,0.8486771726,0.7202652306,0.0084528000,0.0000768832,0.0000000076
2.780000,-0.9181474000,0.8429963935,0.7106488037,0.0016616000,0.0000039757,0.0000000000
2.790000,-0.9114328000,0.8307113455,0.6900866408,0.0025544001,0.0000103297,0.0000000003
2.800000,-0.9066356000,0.8219919417,0.6756833401,0.0054708000,0.0000386735,0.0000000024
2.810000,-0.9034698000,0.8162612967,0.6662943118,0.0032056000,0.0000157412,0.0000000006
2.820000,-0.8964148000,0.8035610591,0.6457154060,0.0034712001,0.0000213491,0.0000000013
2.830000,-0.8915148000,0.7948034965,0.6317280583,0.0026608000,0.0000080214,0.0000000001
2.840000,-0.8857432000,0.7845427667,0.6155128419,0.0057044001,0.0000496919,0.0000000050
2.850000,-0.8821434000,0.7781796281,0.6055717752,0.0037504000,0.0000165066,0.0000000004
2.860000,-0.8773492000,0.7697448474,0.5925170758,0.0019008000,0.0000067898,0.0000000001
2.870000,-0.8728578000,0.7618837913,0.5804762280,0.0035584000,0.0000179188,0.0000000007
2.880000,-0.8676050000,0.7527414805,0.5666289153,0.0057000000,0.0000363989,0.0000000021
2.890000,-0.8635828000,0.7457806093,0.5562047453,0.0016260000,0.0000037928,0.0000000000
2.900000,-0.8574660000,0.7352519815,0.5406073667,0.0040320000,0.0000195553,0.0000000007
2.910000,-0.8540804000,0.7294560120,0.5321139027,0.0027936000,0.0000137289,0.0000000005
2.920000,-0.8495114000,0.7216762491,0.5208357731,0.0049108000,0.0000337477,0.0000000019
2.930000,-0.8455096000,0.7148912066,0.5110829121,0.0038408000,0.0000175791,0.0000000004
2.940000,-0.8410330000,0.7073408836,0.5003435060,0.0045408001,0.0000227612,0.0000000007
2.950000,-0.8362200000,0.6992674010,0.4889847287,0.0023928000,0.0000107084,0.0000000003
2.960000,-0.8331016000,0.6940622907,0.4817336236,0.0024120000,0.0000065599,0.0000000001
2.970000,-0.8286678000,0.6866918379,0.4715498487,0.0052439999,0.0000375890,0.0000000028
2.980000,-0.8235444000,0.6782282047,0.4600011691,0.0025120000,0.0000067950,0.0000000001
2.990000,-0.8210554000,0.6741358179,0.4544695069,0.0041520000,0.0000222829,0.0000000007
3.000000,-0.8155668000,0.6651506788,0.4424293426,0.0026776000,0.0000088268,0.0000000001
