# Temp,E,E^2,E^4,M,M^2,M^4
1.500000,-1.9511840820,3.8071205554,14.4941857104,0.9865417480,0.9732647362,0.9472446967
1.510000,-1.9490264893,3.7987062890,14.4302003737,0.9858856201,0.9719705598,0.9447271728
1.520000,-1.9474304199,3.7924858292,14.3829576990,0.9854293823,0.9710711229,0.9429793410
1.530000,-1.9454010010,3.7845873667,14.3231365323,0.9848297119,0.9698897048,0.9406865954
1.540000,-1.9438140869,3.7784146364,14.2764387953,0.9844573975,0.9691564542,0.9392645693
1.550000,-1.9396240234,3.7621430988,14.1537469694,0.9830902100,0.9664665124,0.9340581049
1.560000,-1.9390472412,3.7599066825,14.1369355620,0.9829269409,0.9661457147,0.9334388702
1.570000,-1.9349121094,3.7438854144,14.0166861347,0.9816589355,0.9636543401,0.9286299737
1.580000,-1.9330413818,3.7366493545,13.9625539372,0.9810729980,0.9625043416,0.9264150466
1.590000,-1.9320312500,3.7327452718,13.9333950413,0.9807373047,0.9618457761,0.9251477408
1.600000,-1.9285491943,3.7193034106,13.8332389283,0.9798171997,0.9600418283,0.9216806325
1.610000,-1.9264984131,3.7113989527,13.7745240172,0.9790985107,0.9586342641,0.9189810727
1.620000,-1.9208282471,3.6895845936,13.6130852518,0.9774703979,0.9554486974,0.9128834311
1.630000,-1.9208557129,3.6896918523,13.6139023978,0.9772918701,0.9551001437,0.9122191264
1.640000,-1.9172821045,3.6759749863,13.5128555701,0.9760955811,0.9527631429,0.9077597385
1.650000,-1.9142639160,3.6644103396,13.4279617195,0.9752883911,0.9511878868,0.9047600729
1.660000,-1.9123199463,3.6569702965,13.3734715745,0.9747070313,0.9500540466,0.9026036413
1.670000,-1.9081756592,3.6411373093,13.2579240423,0.9733810425,0.9474711245,0.8977033146
1.680000,-1.9054351807,3.6306875597,13.1819550496,0.9725173950,0.9457904677,0.8945210608
1.690000,-1.9028747559,3.6209336721,13.1111799946,0.9715591431,0.9439272835,0.8909991506
1.700000,-1.8975799561,3.6008126465,12.9658943142,0.9699722290,0.9408464881,0.8851934806
1.710000,-1.8942901611,3.5883365578,12.8761785399,0.9688369751,0.9386454484,0.8810566452
1.720000,-1.8919830322,3.5796037470,12.8136196333,0.9680114746,0.9370468864,0.8780593858
1.730000,-1.8874725342,3.5625556470,12.6918466225,0.9664840698,0.9340917911,0.8725287225
1.740000,-1.8836822510,3.5482620559,12.5902095028,0.9651336670,0.9314834005,0.8676628352
1.750000,-1.8816772461,3.5407145273,12.5367339736,0.9645874023,0.9304292254,0.8656999153
1.760000,-1.8747375488,3.5146443290,12.3527732293,0.9623580933,0.9261333719,0.8577240302
1.770000,-1.8725067139,3.5062857408,12.2941005985,0.9614471436,0.9243813071,0.8544833770
1.780000,-1.8668243408,3.4850363601,12.1455235941,0.9592849731,0.9202281982,0.8468219200
1.790000,-1.8629882813,3.4707294454,12.0460199549,0.9581359863,0.9180253583,0.8427734596
1.800000,-1.8598358154,3.4589936542,11.9646979212,0.9572113037,0.9162544111,0.8395255600
1.810000,-1.8546691895,3.4398085349,11.8324302618,0.9552215576,0.9124499343,0.8325711205
1.820000,-1.8492950439,3.4199012209,11.6958481546,0.9531661987,0.9085264233,0.8254225161
1.830000,-1.8466094971,3.4099718167,11.6279785607,0.9526062012,0.9074590298,0.8234835452
1.840000,-1.8423553467,3.3942757966,11.5211431192,0.9503982544,0.9032574376,0.8158761516
1.850000,-1.8358428955,3.3703235441,11.3591402419,0.9484695435,0.8995951260,0.8092737348
1.860000,-1.8320251465,3.3563237551,11.2650114630,0.9469100952,0.8966406112,0.8039711372
1.870000,-1.8246612549,3.3293904244,11.0848636050,0.9443405151,0.8917792789,0.7952712463
1.880000,-1.8185638428,3.3071777142,10.9374676495,0.9421936035,0.8877291440,0.7880643031
1.890000,-1.8156707764,3.2966663342,10.8680874624,0.9406112671,0.8847504375,0.7827864566
1.900000,-1.8084716797,3.2705761008,10.6967502739,0.9372467041,0.8784324070,0.7716470834
1.910000,-1.8024414063,3.2487954558,10.5546775411,0.9354354858,0.8750397987,0.7656955261
1.920000,-1.7981201172,3.2332397173,10.4538877191,0.9337020874,0.8718006072,0.7600398560
1.930000,-1.7927337646,3.2139015045,10.3292548304,0.9317031860,0.8680716855,0.7535514337
1.940000,-1.7845275879,3.1845430678,10.1413700357,0.9284042358,0.8619358823,0.7429384904
1.950000,-1.7812164307,3.1727452203,10.0664805554,0.9273529053,0.8599848646,0.7395789694
1.960000,-1.7736907959,3.1459814308,9.8972292428,0.9243820190,0.8544825259,0.7301417832
1.970000,-1.7695953369,3.1314686581,9.8061085069,0.9223236084,0.8506814449,0.7236609847
1.980000,-1.7610321045,3.1012407746,9.6177774450,0.9184219360,0.8434996897,0.7114945475
1.990000,-1.7501525879,3.0630398448,9.3822836993,0.9136230469,0.8347076680,0.6967388805
2.000000,-1.7460266113,3.0486122532,9.2940772302,0.9106185913,0.8292271962,0.6876209852
2.010000,-1.7410614014,3.0313046972,9.1889280573,0.9101119995,0.8283073913,0.6861048512
2.020000,-1.7299987793,2.9928980152,8.9574653270,0.9041931152,0.8175656478,0.6684150867
2.030000,-1.7238372803,2.9716182818,8.8305546058,0.9006973267,0.8112560164,0.6581374353
2.040000,-1.7149200439,2.9409566815,8.6492958689,0.8960540771,0.8029148955,0.6446787034
2.050000,-1.7072052002,2.9145684525,8.4949294492,0.8932754517,0.7979497459,0.6367516438
2.060000,-1.6969787598,2.8797404441,8.2929457130,0.8874572754,0.7875811021,0.6202861549
2.070000,-1.6894744873,2.8543273040,8.1472215597,0.8842880249,0.7819669119,0.6114772581
2.080000,-1.6785980225,2.8177017868,7.9395614500,0.8780761719,0.7710216746,0.5944864760
2.090000,-1.6705108643,2.7906378462,7.7880081135,0.8715194702,0.7595572530,0.5769607972
2.100000,-1.6619293213,2.7620159542,7.6288082550,0.8673645020,0.7523246678,0.5660029317
2.110000,-1.6530853271,2.7327339071,7.4683041440,0.8615829468,0.7423375379,0.5511018346
2.120000,-1.6399108887,2.6893176666,7.2325363993,0.8535400391,0.7285378657,0.5307886444
2.130000,-1.6347167969,2.6723358114,7.1417718034,0.8508041382,0.7238783830,0.5240308294
2.140000,-1.6217468262,2.6300669550,6.9172962001,0.8449172974,0.7138866431,0.5096381476
2.150000,-1.6098236084,2.5915793690,6.7167726073,0.8374069214,0.7012878473,0.4919089597
2.160000,-1.5973022461,2.5513797888,6.5095931275,0.8275787354,0.6848933236,0.4690973707
2.170000,-1.5870422363,2.5187057285,6.3439054528,0.8198806763,0.6722052421,0.4518623581
2.180000,-1.5748931885,2.4803050463,6.1520765902,0.8103225708,0.6566380432,0.4312139348
2.190000,-1.5589294434,2.4302790029,5.9064312708,0.7972076416,0.6355458870,0.4039335170
2.200000,-1.5527862549,2.4111502165,5.8136941461,0.7947067261,0.6315649589,0.3988898744
2.210000,-1.5376892090,2.3644939843,5.5908874562,0.7819946289,0.6115250215,0.3739857770
2.220000,-1.5230133057,2.3195809304,5.3805615116,0.7711730957,0.5947136296,0.3536978584
2.230000,-1.5105590820,2.2818066559,5.2068048984,0.7567550659,0.5727079559,0.3280626040
2.240000,-1.4924804687,2.2275253111,4.9621122259,0.7301696777,0.5331605228,0.2842873682
2.250000,-1.4744903564,2.1741681652,4.7274107598,0.7111343384,0.5058324545,0.2561102754
2.260000,-1.4544586182,2.1154712339,4.4753993543,0.6777877808,0.4595072635,0.2113511221
2.270000,-1.4356262207,2.0610962871,4.2487265518,0.6605865479,0.4363998275,0.1904890056
2.280000,-1.4224273682,2.0233071323,4.0938325003,0.6360275269,0.4045894317,0.1637873799
2.290000,-1.3975158691,1.9530742043,3.8146826748,0.5869430542,0.3448145801,0.1193268678
2.300000,-1.3702178955,1.8775277435,3.5253404311,0.5275665283,0.2783435650,0.0774941581
2.310000,-1.3541046143,1.8336086067,3.3621887018,0.4934753418,0.2436215673,0.0594524212
2.320000,-1.3373291016,1.7884732423,3.1988092620,0.4624740601,0.2139331613,0.0458108308
2.330000,-1.3100097656,1.7161583490,2.9454243864,0.3994247437,0.1597806144,0.0256842977
2.340000,-1.3033935547,1.6988412275,2.8861055780,0.3562667847,0.1270535361,0.0162078925
2.350000,-1.2826721191,1.6452916795,2.7072737715,0.3143569946,0.0991303829,0.0099451748
2.360000,-1.2605926514,1.5891011800,2.5252892764,0.2506134033,0.0628883952,0.0039749921
2.370000,-1.2473510742,1.5558956763,2.4208797173,0.2039886475,0.0417718206,0.0017716731
2.380000,-1.2312408447,1.5159752263,2.2983095456,0.1587249756,0.0252535120,0.0006439015
2.390000,-1.2210632324,1.4909989703,2.2230991273,0.1464645386,0.0214774062,0.0004633660
2.400000,-1.2077697754,1.4587092801,2.1278412275,0.1319290161,0.0177492026,0.0003354379
2.410000,-1.1964996338,1.4316261879,2.0496386013,0.0682479858,0.0047298446,0.0000237303
2.420000,-1.1848083496,1.4037821597,1.9706679231,0.0495956421,0.0024906399,0.0000065285
2.430000,-1.1757202148,1.3823428680,1.9110085819,0.0179458618,0.0004178721,0.0000002550
2.440000,-1.1613952637,1.3488483096,1.8194420700,0.0115982056,0.0001772626,0.0000000515
2.450000,-1.1545166016,1.3329196664,1.7767339481,0.0133728027,0.0001939776,0.0000000488
2.460000,-1.1435028076,1.3076051284,1.7098649902,0.0044296265,0.0000349419,0.0000000026
2.470000,-1.1275817871,1.2714426853,1.6165766608,0.0118576050,0.0001795667,0.0000000552
2.480000,-1.1250762939,1.2658149238,1.6023797520,0.0170349121,0.0003109016,0.0000001231
2.490000,-1.1165557861,1.2467087551,1.5543421881,0.0123214722,0.0001701055,0.0000000429
2.500000,-1.1082305908,1.2282098542,1.5086710858,0.0316314697,0.0010265131,0.0000011626
2.510000,-1.0983764648,1.2064832608,1.4558540080,0.0135055542,0.0002154549,0.0000000657
2.520000,-1.0907318115,1.1897000813,1.4154062090,0.0113189697,0.0001376147,0.0000000245
2.530000,-1.0811065674,1.1688071431,1.3661836261,0.0047592163,0.0000351529,0.0000000028
2.540000,-1.0683929443,1.1414718252,1.3029960692,0.0134872437,0.0002582164,0.0000001598
2.550000,-1.0652038574,1.1346696868,1.2875225712,0.0043334961,0.0000256388,0.0000000014
2.560000,-1.0595062256,1.1225636638,1.2601948946,0.0242675781,0.0006075756,0.0000004059
2.570000,-1.0495849609,1.1016394758,1.2136573694,0.0072845459,0.0000761545,0.0000000128
2.580000,-1.0419158936,1.0856128769,1.1786601599,0.0080169678,0.0000720061,0.0000000071
2.590000,-1.0351440430,1.0715443719,1.1482979538,0.0044799805,0.0000353575,0.0000000036
2.600000,-1.0275787354,1.0559283804,1.1150281992,0.0068984985,0.0000630429,0.0000000063
2.610000,-1.0200775146,1.0405620049,1.0827853585,0.0092041016,0.0001220189,0.0000000308
2.620000,-1.0190490723,1.0384768706,1.0784998941,0.0167648315,0.0003078639,0.0000001248
2.630000,-1.0069091797,1.0138834748,1.0280301144,0.0124511719,0.0001997569,0.0000000711
2.640000,-1.0036468506,1.0073314458,1.0148152119,0.0038269043,0.0000205903,0.0000000009
2.650000,-0.9970886230,0.9942009491,0.9884958895,0.0067993164,0.0000493506,0.0000000029
2.660000,-0.9861724854,0.9725393891,0.9458453852,0.0034240723,0.0000140004,0.0000000003
2.670000,-0.9796417236,0.9597430598,0.9212786418,0.0076034546,0.0000856251,0.0000000153
2.680000,-0.9779388428,0.9563755115,0.9146966129,0.0081634521,0.0000927894,0.0000000141
2.690000,-0.9726043701,0.9459732942,0.8949185017,0.0107955933,0.0001277217,0.0000000221
2.700000,-0.9639770508,0.9292578143,0.8635425879,0.0109802246,0.0001800048,0.0000000561
2.710000,-0.9582702637,0.9182853222,0.8432605309,0.0042068481,0.0000238716,0.0000000010
2.720000,-0.9532989502,0.9087809514,0.8258903169,0.0065658569,0.0000628531,0.0000000078
2.730000,-0.9458648682,0.8946703605,0.8004709774,0.0039581299,0.0000257103,0.0000000015
2.740000,-0.9417144775,0.8868330109,0.7864971315,0.0123367310,0.0001632711,0.0000000322
2.750000,-0.9365814209,0.8772001019,0.7695338637,0.0047973633,0.0000450929,0.0000000053
2.760000,-0.9297027588,0.8643494284,0.7471075607,0.0086212158,0.0001009894,0.0000000165
2.770000,-0.9237945557,0.8534069826,0.7283395854,0.0027999878,0.0000113900,0.0000000003
2.780000,-0.9177978516,0.8423725558,0.7096577795,0.0090347290,0.0001279776,0.0000000464
2.790000,-0.9103637695,0.8287640160,0.6868558291,0.0064544678,0.0000623342,0.0000000096
2.800000,-0.9054260254,0.8198035104,0.6721015154,0.0043411255,0.0000250030,0.0000000013
2.810000,-0.9015625000,0.8128215757,0.6607005357,0.0107086182,0.0001415296,0.0000000325
2.820000,-0.8964752197,0.8036839429,0.6459598115,0.0090545654,0.0001488991,0.0000000648
2.830000,-0.8915344238,0.7948600400,0.6318857704,0.0089096069,0.0001187358,0.0000000329
2.840000,-0.8872619629,0.7872406982,0.6197696727,0.0033615112,0.0000345015,0.0000000055
2.850000,-0.8839813232,0.7814531751,0.6107642228,0.0031005859,0.0000152917,0.0000000005
2.860000,-0.8801239014,0.7746344909,0.6001094625,0.0039108276,0.0000179091,0.0000000005
2.870000,-0.8731628418,0.7624323125,0.5813612758,0.0039978027,0.0000281834,0.0000000018
2.880000,-0.8695251465,0.7560900720,0.5717208554,0.0070358276,0.0000506384,0.0000000028
2.890000,-0.8656402588,0.7493454855,0.5615558587,0.0047332764,0.0000294338,0.0000000014
2.900000,-0.8614379883,0.7420878840,0.5507314194,0.0045059204,0.0000319800,0.0000000022
2.910000,-0.8521240234,0.7261303634,0.5273089794,0.0052734375,0.0000418102,0.0000000032
2.920000,-0.8485534668,0.7200522437,0.5185018995,0.0034286499,0.0000198212,0.0000000012
2.930000,-0.8456115723,0.7150651943,0.5113361688,0.0049163818,0.0000371099,0.0000000031
2.940000,-0.8421478271,0.7092210633,0.5030174728,0.0077102661,0.0000745523,0.0000000111
2.950000,-0.8426666260,0.7101023933,0.5042887234,0.0075973511,0.0000771482,0.0000000102
2.960000,-0.8343902588,0.6962278828,0.4847910763,0.0062164307,0.0000606606,0.0000000091
2.970000,-0.8291809082,0.6875513541,0.4727554138,0.0069595337,0.0000737256,0.0000000125
2.980000,-0.8227478027,0.6769338897,0.4582935609,0.0054351807,0.0000332478,0.0000000016
2.990000,-0.8227264404,0.6768817166,0.4581767651,0.0056396484,0.0000365380,0.0000000021
3.000000,-0.8179229736,0.6690027068,0.4475772220,0.0062347412,0.0000592048,0.0000000090
