# Temp,E,E^2,E^4,M,M^2,M^4
1.500000,-1.9505155556,3.8045140089,14.4743736472,0.9862711191,0.9727309676,0.9462064969
1.510000,-1.9485066667,3.7966799135,14.4148039403,0.9857999921,0.9718018225,0.9443995523
1.520000,-1.9467111111,3.7896850833,14.3617271772,0.9851999998,0.9706191281,0.9421018355
1.530000,-1.9463733333,3.7883701748,14.3517640698,0.9851688981,0.9705578211,0.9419827300
1.540000,-1.9415822222,3.7697439431,14.2110058667,0.9835288882,0.9673294180,0.9357275346
1.550000,-1.9404177778,3.7652318179,14.1771309733,0.9832533360,0.9667880512,0.9346827229
1.560000,-1.9383911111,3.7573610094,14.1177754332,0.9826622128,0.9656250882,0.9324320571
1.570000,-1.9365422222,3.7502143396,14.0643864228,0.9822044492,0.9647274301,0.9307061607
1.580000,-1.9315644444,3.7309471688,13.9200558287,0.9807688832,0.9619086316,0.9252721757
1.590000,-1.9307733333,3.7278864356,13.8971487665,0.9803866625,0.9611581669,0.9238256327
1.600000,-1.9274488889,3.7150633537,13.8017571349,0.9794222236,0.9592682197,0.9201967748
1.610000,-1.9250933333,3.7059849683,13.7343338707,0.9786666751,0.9577885075,0.9173590038
1.620000,-1.9229422222,3.6977261578,13.6734651612,0.9779466748,0.9563819571,0.9146750846
1.630000,-1.9216622222,3.6927872857,13.6367013985,0.9777022243,0.9559017947,0.9137488348
1.640000,-1.9181333333,3.6792394406,13.5368610167,0.9763999939,0.9533572540,0.9088912204
1.650000,-1.9161600000,3.6716757610,13.4813000874,0.9757422209,0.9520737402,0.9064476770
1.660000,-1.9137155556,3.6623396437,13.4132072867,0.9751155615,0.9508539805,0.9041370809
1.670000,-1.9070577778,3.6368726748,13.2268910002,0.9727511048,0.9462452139,0.8953819059
1.680000,-1.9028444444,3.6208198993,13.1103790357,0.9717333317,0.9442660545,0.8916398421
1.690000,-1.8990666667,3.6064544320,13.0065168539,0.9702844501,0.9414520547,0.8863325012
1.700000,-1.8981777778,3.6030827374,12.9822609425,0.9702266574,0.9413403679,0.8861239544
1.710000,-1.8953777778,3.5924593841,12.9057998185,0.9694444418,0.9398226899,0.8832673055
1.720000,-1.8897155556,3.5710589397,12.7529490787,0.9670355439,0.9351605127,0.8745355482
1.730000,-1.8879911111,3.5645162323,12.7058586499,0.9661999941,0.9335432229,0.8715059163
1.740000,-1.8851555556,3.5538184502,12.6297248592,0.9656399965,0.9324614974,0.8694877818
1.750000,-1.8781600000,3.5274952277,12.4433668578,0.9629999995,0.9273701295,0.8600195480
1.760000,-1.8756533333,3.5180776932,12.3769025389,0.9626666665,0.9267273583,0.8588245142
1.770000,-1.8712533333,3.5015934428,12.2612183487,0.9606622100,0.9228722768,0.8516946988
1.780000,-1.8669244444,3.4854099789,12.1481259370,0.9597599983,0.9211397588,0.8485003152
1.790000,-1.8647200000,3.4771874801,12.0909275602,0.9588488817,0.9193922222,0.8452858997
1.800000,-1.8588177778,3.4552216727,11.9388076215,0.9564177752,0.9147377299,0.8367552452
1.810000,-1.8534577778,3.4353098327,11.8014098768,0.9551866651,0.9123820869,0.8324429753
1.820000,-1.8514311111,3.4278136691,11.7501330631,0.9543422222,0.9107744947,0.8295299321
1.830000,-1.8458222222,3.4070666552,11.6081981581,0.9518755555,0.9060684193,0.8209648578
1.840000,-1.8425244444,3.3949091010,11.5255809847,0.9508444428,0.9041064059,0.8174129189
1.850000,-1.8351111111,3.3676684437,11.3416707320,0.9478666544,0.8984571526,0.8072466673
1.860000,-1.8322311111,3.3570909764,11.2703306413,0.9467955470,0.8964272376,0.8036012875
1.870000,-1.8291822222,3.3459291737,11.1955310903,0.9459066629,0.8947448057,0.8005875694
1.880000,-1.8194488889,3.3104190570,10.9592029172,0.9430711150,0.8893868608,0.7910222700
1.890000,-1.8127377778,3.2860387662,10.7983199305,0.9396399975,0.8829260489,0.7795680246
1.900000,-1.8093688889,3.2738454534,10.7184525011,0.9384266734,0.8806493364,0.7755598527
1.910000,-1.8049066667,3.2576890754,10.6125511379,0.9363111138,0.8766812932,0.7685798771
1.920000,-1.8000711111,3.2402714611,10.4995596401,0.9346577883,0.8735893804,0.7631730906
1.930000,-1.7904533333,3.2057266212,10.2767278500,0.9299733281,0.8648514959,0.7479719364
1.940000,-1.7836888889,3.1815742835,10.1227741497,0.9275822043,0.8604148581,0.7403347259
1.950000,-1.7791555556,3.1654790949,10.0213349121,0.9265111089,0.8584311539,0.7369326838
1.960000,-1.7705600000,3.1349202520,9.8281950516,0.9222355604,0.8505263071,0.7234217710
1.970000,-1.7680266667,3.1259378280,9.7717313227,0.9213199973,0.8488342934,0.7205324024
1.980000,-1.7602044444,3.0983602438,9.6003402496,0.9179333329,0.8426098571,0.7100191428
1.990000,-1.7543377778,3.0777296154,9.4727716393,0.9150133371,0.8372575084,0.7010272853
2.000000,-1.7465688889,3.0505227951,9.3059319890,0.9111866593,0.8302661971,0.6893587890
2.010000,-1.7366400000,3.0159651706,9.0966103825,0.9072000146,0.8230186852,0.6773822666
2.020000,-1.7283022222,2.9870504391,8.9227317277,0.9033911109,0.8161198662,0.6660658906
2.030000,-1.7277777778,2.9852963662,8.9129495480,0.9034711123,0.8162779994,0.6663683270
2.040000,-1.7120622222,2.9311699923,8.5919090199,0.8963555574,0.8034548123,0.6455445369
2.050000,-1.7043555556,2.9048315425,8.4380890995,0.8933599949,0.7980976732,0.6369777423
2.060000,-1.6972977778,2.8808377766,8.2994338381,0.8886311173,0.7896688665,0.6235882884
2.070000,-1.6848711111,2.8388044642,8.0589676486,0.8810755610,0.7763011682,0.6026653299
2.080000,-1.6818933333,2.8287813242,8.0021864483,0.8796533227,0.7737948798,0.5987737209
2.090000,-1.6692800000,2.7865158945,7.7648961497,0.8723511100,0.7610029014,0.5791450791
2.100000,-1.6640800000,2.7691807064,7.6685658375,0.8680844426,0.7535751223,0.5678890831
2.110000,-1.6546666667,2.7379250702,7.4962697389,0.8644488811,0.7472784391,0.5584446383
2.120000,-1.6434844444,2.7010971978,7.2965352974,0.8575422168,0.7353930240,0.5408452493
2.130000,-1.6338133333,2.6693651666,7.1257143293,0.8547688842,0.7306423383,0.5338747907
2.140000,-1.6199644444,2.6244123702,6.8888812451,0.8432711124,0.7111776406,0.5059773285
2.150000,-1.6156088889,2.6102595390,6.8141626772,0.8425111175,0.7098869332,0.5041162435
2.160000,-1.5995822222,2.5586917314,6.5471942318,0.8349955559,0.6972300414,0.4861645149
2.170000,-1.5899911111,2.5281138204,6.3917858357,0.8250355721,0.6806990259,0.4633927058
2.180000,-1.5750488889,2.4808005780,6.1545853403,0.8116711140,0.6588190620,0.4340665048
2.190000,-1.5651911111,2.4498506912,6.0020365243,0.8016000032,0.6425917074,0.4129990033
2.200000,-1.5528088889,2.4112760403,5.8148368710,0.7947111130,0.6315840574,0.3989446362
2.210000,-1.5451200000,2.3874738781,5.7007776038,0.7865155578,0.6186635393,0.3828848588
2.220000,-1.5152533333,2.2960001106,5.2716848958,0.7600710988,0.5777177537,0.3337801669
2.230000,-1.5053066667,2.2659637803,5.1347332729,0.7499555588,0.5624418906,0.3163600971
2.240000,-1.4989244444,2.2469081090,5.0498020123,0.7429911137,0.5521981852,0.3052814631
2.250000,-1.4645955556,2.1450651089,4.6015191558,0.6996533394,0.4895680903,0.2397806934
2.260000,-1.4615022222,2.1360356026,4.5630465612,0.6925333261,0.4796540633,0.2301668778
2.270000,-1.4321422222,2.0510815755,4.2073466625,0.6502755642,0.4229191424,0.1789642159
2.280000,-1.4152266667,2.0029019492,4.0119012598,0.6191333294,0.3833577244,0.1470112638
2.290000,-1.3949066667,1.9458310183,3.7867731590,0.5913866758,0.3498008693,0.1224485350
2.300000,-1.3783377778,1.8998713422,3.6099410059,0.5625777841,0.3166034592,0.1003800294
2.310000,-1.3584000000,1.8454435864,3.4070899853,0.5286222219,0.2799528376,0.0789470563
2.320000,-1.3380622222,1.7904705770,3.2062161276,0.4752888858,0.2263509059,0.0516390641
2.330000,-1.3111288889,1.7192010374,2.9566313467,0.4158266723,0.1735353746,0.0305401472
2.340000,-1.2967466667,1.6815859650,2.8279612212,0.3566711128,0.1273305819,0.0162709420
2.350000,-1.2792888889,1.6366399779,2.6789844499,0.3180755556,0.1013340010,0.0103333484
2.360000,-1.2781777778,1.6337621701,2.6693340909,0.2746844381,0.0758627899,0.0058794801
2.370000,-1.2503022222,1.5633305928,2.4444721980,0.2056088895,0.0428764286,0.0019358246
2.380000,-1.2407911111,1.5396269420,2.3708478998,0.1436222225,0.0206510289,0.0004284690
2.390000,-1.2206311111,1.4900202789,2.2206393675,0.0813599989,0.0069046679,0.0000570211
2.400000,-1.1945244444,1.4269061855,2.0361618071,0.0668177783,0.0046940617,0.0000262813
2.410000,-1.1889066667,1.4135215099,1.9981705295,0.0325955557,0.0016194491,0.0000054059
2.420000,-1.1810933333,1.3950023739,1.9461478681,0.0758355550,0.0058348563,0.0000359810
2.430000,-1.1612533333,1.3485370220,1.8187009592,0.0671866678,0.0048372753,0.0000300013
2.440000,-1.1680711111,1.3644240727,1.8618384020,0.0392088883,0.0017114702,0.0000040025
2.450000,-1.1536800000,1.3310179504,1.7718238577,0.0178800000,0.0005049652,0.0000005975
2.460000,-1.1375288889,1.2939752889,1.6743892388,0.0105866668,0.0001311641,0.0000000253
2.470000,-1.1379200000,1.2948880221,1.6768709438,0.0380400002,0.0016904071,0.0000045862
2.480000,-1.1263022222,1.2686105209,1.6096458228,0.0260711107,0.0007972142,0.0000009809
2.490000,-1.1210844444,1.2568377821,1.5796786558,0.0255555553,0.0007167251,0.0000006419
2.500000,-1.1053333333,1.2217803662,1.4928382548,0.0175733331,0.0005452504,0.0000009144
2.510000,-1.1001333333,1.2103602224,1.4652955723,0.0151955555,0.0003028819,0.0000001743
2.520000,-1.0929422222,1.1945762189,1.4272672851,0.0100222223,0.0001632074,0.0000000887
2.530000,-1.0871466667,1.1819012646,1.3969538957,0.0222044444,0.0005335856,0.0000003706
2.540000,-1.0676800000,1.1399717080,1.2996776880,0.0191200004,0.0004584622,0.0000003355
2.550000,-1.0671555556,1.1388983818,1.2974398737,0.0382400002,0.0017073861,0.0000045392
2.560000,-1.0601244444,1.1238977991,1.2632982049,0.0467999995,0.0022939369,0.0000062099
2.570000,-1.0453688889,1.0928353217,1.1944601523,0.0216444442,0.0006302765,0.0000009084
2.580000,-1.0360088889,1.0733185229,1.1520302711,0.0397466667,0.0016220864,0.0000029239
2.590000,-1.0382133333,1.0779670404,1.1623598252,0.0150666664,0.0004421606,0.0000005010
2.600000,-1.0306577778,1.0623003603,1.1286732036,0.0152400001,0.0003385346,0.0000002951
2.610000,-1.0218666667,1.0442357610,1.0905302558,0.0265733331,0.0007864975,0.0000008704
2.620000,-1.0130133333,1.0262207518,1.0532304722,0.0196044441,0.0004822413,0.0000004451
2.630000,-1.0061777778,1.0124408624,1.0252281059,0.0171911112,0.0003450584,0.0000001711
2.640000,-1.0040266667,1.0081110459,1.0164547503,0.0136222221,0.0002532680,0.0000001325
2.650000,-0.9973244444,0.9946812433,0.9894915392,0.0073466666,0.0000834571,0.0000000147
2.660000,-0.9832977778,0.9669584288,0.9353343414,0.0126933332,0.0002560035,0.0000002004
2.670000,-0.9835288889,0.9673562291,0.9358826636,0.0139600000,0.0002267661,0.0000000710
2.680000,-0.9796622222,0.9597545553,0.9211921534,0.0184844441,0.0004487659,0.0000003461
2.690000,-0.9700622222,0.9410558902,0.8857189290,0.0062711111,0.0000580534,0.0000000076
2.700000,-0.9627288889,0.9268752541,0.8592027938,0.0088044447,0.0001050437,0.0000000177
2.710000,-0.9591111111,0.9199483401,0.8465050672,0.0077733335,0.0000823675,0.0000000150
2.720000,-0.9495200000,0.9015986303,0.8129176301,0.0124311110,0.0001771440,0.0000000404
2.730000,-0.9494400000,0.9014717029,0.8127791993,0.0170399999,0.0003349529,0.0000001653
2.740000,-0.9397511111,0.8831628389,0.7800846637,0.0119466665,0.0002218894,0.0000001082
2.750000,-0.9322844444,0.8691678396,0.7554999707,0.0062088889,0.0000574717,0.0000000080
2.760000,-0.9275288889,0.8603237622,0.7402049180,0.0069822221,0.0000624975,0.0000000062
2.770000,-0.9236800000,0.8532443583,0.7282302153,0.0071200000,0.0000726309,0.0000000142
2.780000,-0.9245600000,0.8548267895,0.7307823316,0.0161911113,0.0004213024,0.0000003948
2.790000,-0.9203111111,0.8470399727,0.7177060762,0.0071466665,0.0000652458,0.0000000076
2.800000,-0.9156000000,0.8383347480,0.7028433128,0.0189022224,0.0004323355,0.0000002847
2.810000,-0.9069955556,0.8226880786,0.6769711605,0.0151155559,0.0002828779,0.0000001145
2.820000,-0.8940533333,0.7993633158,0.6390841568,0.0053333333,0.0000398919,0.0000000034
2.830000,-0.8914933333,0.7947733788,0.6317061976,0.0074044445,0.0000709260,0.0000000115
2.840000,-0.8852977778,0.7838164630,0.6145699725,0.0100622223,0.0001808034,0.0000000855
2.850000,-0.8896800000,0.7915603718,0.6266622531,0.0054444444,0.0000361439,0.0000000020
2.860000,-0.8817066667,0.7774243445,0.6044436372,0.0060711111,0.0000664978,0.0000000105
2.870000,-0.8757155556,0.7668807633,0.5881154046,0.0083911110,0.0001147218,0.0000000348
2.880000,-0.8658488889,0.7497210019,0.5621616890,0.0125377776,0.0001750523,0.0000000416
2.890000,-0.8656355556,0.7493529474,0.5616141684,0.0090088890,0.0001305609,0.0000000403
2.900000,-0.8620266667,0.7431337608,0.5523775323,0.0079688890,0.0000793247,0.0000000098
2.910000,-0.8531022222,0.7278149760,0.5298060001,0.0082577778,0.0000766910,0.0000000086
2.920000,-0.8489777778,0.7208030009,0.5196717545,0.0085111111,0.0001478253,0.0000000862
2.930000,-0.8473066667,0.7179343534,0.5154462327,0.0098755554,0.0001497051,0.0000000432
2.940000,-0.8417866667,0.7086164658,0.5021704351,0.0105911113,0.0001849822,0.0000000870
2.950000,-0.8424000000,0.7096725096,0.5037329005,0.0067688888,0.0000632149,0.0000000086
2.960000,-0.8344088889,0.6962728640,0.4848925397,0.0018355556,0.0000049097,0.0000000000
2.970000,-0.8303644444,0.6895129521,0.4754496863,0.0106088889,0.0001590697,0.0000000487
2.980000,-0.8208444444,0.6738032146,0.4540582633,0.0154533333,0.0002933870,0.0000001257
2.990000,-0.8203377778,0.6730019002,0.4530596527,0.0036044444,0.0000272596,0.0000000024
3.000000,-0.8139200000,0.6625440466,0.4391715861,0.0114799999,0.0001566755,0.0000000405
