# Temp,E,E^2,E^4,M,M^2,M^4
1.500000,-1.9515733507,3.8086397557,14.5057552680,0.9865749717,0.9733302973,0.9473723449
1.510000,-1.9493489583,3.7999620270,14.4397215282,0.9859184980,0.9720353416,0.9448529264
1.520000,-1.9474717882,3.7926477959,14.3841990086,0.9853786826,0.9709713362,0.9427860661
1.530000,-1.9451931424,3.7837794383,14.3170334492,0.9847764850,0.9697851282,0.9404847583
1.540000,-1.9429199219,3.7749408429,14.2502239353,0.9840738893,0.9684018127,0.9378035935
1.550000,-1.9414279514,3.7691457598,14.2065090177,0.9836154580,0.9674997617,0.9360573071
1.560000,-1.9362358941,3.7490137917,14.0551697626,0.9821424723,0.9646044713,0.9304642397
1.570000,-1.9353027344,3.7453999736,14.0280704317,0.9816948771,0.9637251129,0.9287671769
1.580000,-1.9351616753,3.7448549867,14.0240029207,0.9816162109,0.9635707324,0.9284698930
1.590000,-1.9299696181,3.7247870872,13.8741038550,0.9802435994,0.9608778459,0.9232875099
1.600000,-1.9286729601,3.7197842873,13.8368681162,0.9796875000,0.9597880625,0.9211949101
1.610000,-1.9266710069,3.7120634459,13.7794488403,0.9791096926,0.9586560570,0.9190224588
1.620000,-1.9234212240,3.6995552056,13.6867974589,0.9779730916,0.9564318064,0.9147634771
1.630000,-1.9205674913,3.6885867518,13.6057795013,0.9773193240,0.9551537088,0.9123210841
1.640000,-1.9163899740,3.6725517907,13.4876551304,0.9757459879,0.9520804652,0.9064580971
1.650000,-1.9156629774,3.6697670544,13.4672256128,0.9758978844,0.9523770152,0.9070232530
1.660000,-1.9129069010,3.6592318395,13.3902559219,0.9749891520,0.9506056994,0.9036582386
1.670000,-1.9097927517,3.6473123096,13.3029448173,0.9738064170,0.9482995249,0.8992742153
1.680000,-1.9045952691,3.6274885521,13.1587517346,0.9721788168,0.9451324039,0.8932781035
1.690000,-1.9037706163,3.6243475336,13.1359671973,0.9716688275,0.9441408759,0.8914041290
1.700000,-1.8985785590,3.6046012569,12.9931604870,0.9700195312,0.9409381078,0.8853653381
1.710000,-1.8946777344,3.5898121129,12.8868713792,0.9690701008,0.9390979046,0.8819087936
1.720000,-1.8907552083,3.5749576327,12.7803560247,0.9674587727,0.9359765864,0.8760525806
1.730000,-1.8878472222,3.5639688118,12.7018976142,0.9665201783,0.9341613649,0.8726578658
1.740000,-1.8833224826,3.5469076884,12.5806125234,0.9652669311,0.9317409775,0.8681439658
1.750000,-1.8806423611,3.5368211520,12.5091811149,0.9640733600,0.9294377091,0.8638554425
1.760000,-1.8768446181,3.5225534536,12.4084917618,0.9628960609,0.9271699785,0.8596484491
1.770000,-1.8718532986,3.5038456060,12.2770860072,0.9612711430,0.9240440367,0.8538641378
1.780000,-1.8679307726,3.4891678158,12.1743261290,0.9601047158,0.9218015815,0.8497200583
1.790000,-1.8674533420,3.4873863984,12.1619254383,0.9593831420,0.9204178665,0.8471758698
1.800000,-1.8573567708,3.4497774825,11.9010102832,0.9563232422,0.9145549097,0.8364134822
1.810000,-1.8563313802,3.4459783373,11.8749339640,0.9557779908,0.9135138888,0.8345161079
1.820000,-1.8511773003,3.4268940383,11.7441044037,0.9537082314,0.9095636809,0.8273216949
1.830000,-1.8452745226,3.4050436631,11.5943986667,0.9521294475,0.9065515728,0.8218397017
1.840000,-1.8426920573,3.3955187608,11.5296120689,0.9510145426,0.9044291063,0.8179936223
1.850000,-1.8360351563,3.3710323331,11.3639566650,0.9480929971,0.8988821593,0.8079957154
1.860000,-1.8323621962,3.3575634478,11.2733963132,0.9470160604,0.8968406704,0.8043276737
1.870000,-1.8259928385,3.3342589639,11.1174045909,0.9445882201,0.8922478124,0.7961093979
1.880000,-1.8179633247,3.3049955055,10.9230595674,0.9414659381,0.8863600048,0.7856407748
1.890000,-1.8122829861,3.2843738553,10.7871672763,0.9399387002,0.8834858433,0.7805510656
1.900000,-1.8091091580,3.2728860038,10.7119145499,0.9382487059,0.8803127674,0.7749580810
1.910000,-1.8037923177,3.2536898441,10.5867984688,0.9359727740,0.8760496333,0.7674790818
1.920000,-1.7967013889,3.2281640123,10.4214057725,0.9327229857,0.8699765573,0.7568744818
1.930000,-1.7913140191,3.2088299847,10.2968985918,0.9318305254,0.8683121363,0.7539798611
1.940000,-1.7873046875,3.1944681824,10.2047565516,0.9299451947,0.8648003410,0.7478875013
1.950000,-1.7787868924,3.1640880505,10.0115195464,0.9260036945,0.8574833725,0.7352795517
1.960000,-1.7734483507,3.1451224354,9.8918376891,0.9240207195,0.8538161415,0.7290083295
1.970000,-1.7660047743,3.1187944921,9.7271488421,0.9210639238,0.8483620777,0.7197294958
1.980000,-1.7611599392,3.1016975531,9.6206913867,0.9175103068,0.8418290130,0.7086890251
1.990000,-1.7572808160,3.0880390182,9.5360239328,0.9170844197,0.8410468005,0.7073696994
2.000000,-1.7463324653,3.0497054506,9.3010483765,0.9121663451,0.8320550454,0.6923408866
2.010000,-1.7373480903,3.0183853347,9.1107339151,0.9083360553,0.8250755544,0.6807535112
2.020000,-1.7330783420,3.0035744171,9.0216264630,0.9064317465,0.8216238815,0.6750834834
2.030000,-1.7194173177,2.9564139344,8.7405965261,0.8987738729,0.8077971914,0.6525450796
2.040000,-1.7096950955,2.9230731386,8.5445414261,0.8935248613,0.7983905358,0.6374397485
2.050000,-1.7095648872,2.9226213889,8.5418243111,0.8939398885,0.7991312589,0.6386195069
2.060000,-1.6994140625,2.8880306194,8.3409801873,0.8892550945,0.7907788595,0.6253446036
2.070000,-1.6863444010,2.8437752089,8.0872591915,0.8820746541,0.7780622710,0.6054012780
2.080000,-1.6791395399,2.8195285248,7.9499539612,0.8781439781,0.7711461980,0.5946951718
2.090000,-1.6731391059,2.7993963823,7.8366415459,0.8738037109,0.7635344451,0.5829894860
2.100000,-1.6600857205,2.7558928061,7.5950357064,0.8673231244,0.7522562262,0.5659100245
2.110000,-1.6488715278,2.7187989915,7.3921038556,0.8625216961,0.7439607067,0.5535281365
2.120000,-1.6464898003,2.7109358815,7.3492517181,0.8623128176,0.7435910855,0.5529505465
2.130000,-1.6337673611,2.6692086564,7.1248123582,0.8526394486,0.7269989414,0.5285417792
2.140000,-1.6192328559,2.6219456577,6.8749201393,0.8429497600,0.7105753823,0.5049488266
2.150000,-1.6141764323,2.6055751157,6.7891214969,0.8398681760,0.7053821641,0.4975741844
2.160000,-1.5941948785,2.5415051116,6.4597349224,0.8271836996,0.6842548528,0.4682647798
2.170000,-1.5816026476,2.5015063679,6.2579291855,0.8137993813,0.6622727196,0.4386138612
2.180000,-1.5724717882,2.4727240077,6.1149210408,0.8078450561,0.6526586322,0.4260809048
2.190000,-1.5628526476,2.4425507476,5.9664684066,0.8030002236,0.6448450995,0.4159178633
2.200000,-1.5491916233,2.4000221266,5.7603693728,0.7932915449,0.6293369521,0.3961287434
2.210000,-1.5341362847,2.3535846766,5.5394600626,0.7773003578,0.6042078906,0.3650963114
2.220000,-1.5283148872,2.3357665425,5.4559932115,0.7775146365,0.6045308466,0.3654619859
2.230000,-1.5124348958,2.2874903017,5.2328962341,0.7649169922,0.5851678641,0.3425852660
2.240000,-1.4933268229,2.2300609076,4.9734929987,0.7385253906,0.5454546636,0.2975968925
2.250000,-1.4662868924,2.1500471198,4.6231308587,0.7098578572,0.5039333824,0.2540196591
2.260000,-1.4581651476,2.1263124612,4.5217756257,0.6966471314,0.4853621532,0.2356637254
2.270000,-1.4353732639,2.0603069885,4.2449522516,0.6610541463,0.4370396490,0.1910861495
2.280000,-1.4189398872,2.0134195939,4.0540928557,0.6373643637,0.4062450954,0.1650540957
2.290000,-1.3983181424,1.9552971516,3.8232145051,0.6018283486,0.3622159993,0.1312273556
2.300000,-1.3879611545,1.9264996015,3.7118895224,0.5859157920,0.3434648283,0.1181978392
2.310000,-1.3637044271,1.8597260372,3.4588522462,0.5521565795,0.3049759783,0.0931308849
2.320000,-1.3455132378,1.8104795122,3.2783668842,0.5179606140,0.2685708556,0.0724269430
2.330000,-1.3148654514,1.7288999769,2.9892944472,0.4441406250,0.1975932424,0.0393025906
2.340000,-1.2998318142,1.6896200962,2.8552052069,0.3832628012,0.1473416381,0.0219743742
2.350000,-1.2767903646,1.6302275349,2.6578628218,0.2948838890,0.0871758248,0.0076805886
2.360000,-1.2758734809,1.6278652254,2.6500238178,0.2668918192,0.0712741564,0.0050923166
2.370000,-1.2549533420,1.5749383345,2.4806222583,0.2410427541,0.0581666489,0.0033981963
2.380000,-1.2421766493,1.5430464444,2.3812600497,0.1802001953,0.0326869723,0.0010966670
2.390000,-1.2178222656,1.4831148455,2.1997709556,0.1407443553,0.0198898275,0.0004019165
2.400000,-1.2076931424,1.4585797422,2.1277880880,0.1108181417,0.0123004188,0.0001522405
2.410000,-1.1927625868,1.4227021709,2.0241929397,0.0629692934,0.0042273884,0.0000231860
2.420000,-1.1816460503,1.3962972151,1.9497008208,0.0616997607,0.0038929623,0.0000164177
2.430000,-1.1781467014,1.3880447538,1.9267522323,0.0383002382,0.0015582559,0.0000029173
2.440000,-1.1647786458,1.3567461417,1.8409605352,0.0056369358,0.0000420277,0.0000000027
2.450000,-1.1542154948,1.3322301516,1.7749263105,0.0261420354,0.0007127357,0.0000005842
2.460000,-1.1372016059,1.2932515166,1.6726240082,0.0259141713,0.0007394389,0.0000007325
2.470000,-1.1315429687,1.2804245775,1.6396666949,0.0309054904,0.0010372219,0.0000013589
2.480000,-1.1248209635,1.2652356676,1.6008893223,0.0117268879,0.0002506072,0.0000001963
2.490000,-1.1195638021,1.2534434427,1.5712223793,0.0314534504,0.0010608100,0.0000014223
2.500000,-1.1083875868,1.2285436557,1.5094209393,0.0047932942,0.0000383024,0.0000000033
2.510000,-1.0958279080,1.2008829507,1.4423326629,0.0133382163,0.0002436779,0.0000001009
2.520000,-1.0954155816,1.1999417704,1.4398913636,0.0144205728,0.0003350448,0.0000003429
2.530000,-1.0820963542,1.1709757278,1.3713851142,0.0171142578,0.0003660394,0.0000002126
2.540000,-1.0689995660,1.1427711372,1.3059765062,0.0110541448,0.0002284855,0.0000001510
2.550000,-1.0691569010,1.1431382148,1.3069555831,0.0069200305,0.0000698621,0.0000000113
2.560000,-1.0590277778,1.1215743259,1.2580836922,0.0151692709,0.0002734916,0.0000001264
2.570000,-1.0516872830,1.1060989152,1.2236886009,0.0063422310,0.0000665410,0.0000000119
2.580000,-1.0409396701,1.0835671740,1.1741687461,0.0056477865,0.0000523150,0.0000000060
2.590000,-1.0360839844,1.0735185263,1.1526500201,0.0073052302,0.0000658372,0.0000000068
2.600000,-1.0262966580,1.0533193940,1.1096273328,0.0081163195,0.0000710211,0.0000000067
2.610000,-1.0233940972,1.0473399362,1.0969396288,0.0086263022,0.0001192807,0.0000000405
2.620000,-1.0133680556,1.0269348724,1.0546778209,0.0115722656,0.0001610818,0.0000000399
2.630000,-1.0075629340,1.0151934847,1.0306599957,0.0140028209,0.0003265367,0.0000002786
2.640000,-1.0016872830,1.0034155255,1.0069959734,0.0181396485,0.0004875758,0.0000004696
2.650000,-1.0002061632,1.0004229978,1.0008888764,0.0038248698,0.0000159832,0.0000000003
2.660000,-0.9855143229,0.9712486870,0.9433636604,0.0059651693,0.0000530680,0.0000000061
2.670000,-0.9858615451,0.9719311505,0.9446818372,0.0037977430,0.0000203501,0.0000000007
2.680000,-0.9740125868,0.9487195383,0.9001408721,0.0076822915,0.0000708417,0.0000000074
2.690000,-0.9704264323,0.9417494519,0.8869751097,0.0175048829,0.0003715135,0.0000002002
2.700000,-0.9642903646,0.9298819548,0.8647770385,0.0070475262,0.0000848588,0.0000000166
2.710000,-0.9617458767,0.9250033206,0.8558097686,0.0111083983,0.0001641924,0.0000000470
2.720000,-0.9462239583,0.8953918333,0.8019121175,0.0142062717,0.0002358269,0.0000000809
2.730000,-0.9450737847,0.8931942436,0.7979024946,0.0130425347,0.0002940409,0.0000002292
2.740000,-0.9433268229,0.8898793571,0.7919346907,0.0066650391,0.0000582472,0.0000000055
2.750000,-0.9361382378,0.8763604592,0.7680274911,0.0103135851,0.0001590279,0.0000000507
2.760000,-0.9302788628,0.8654533034,0.7491290289,0.0060139975,0.0000585301,0.0000000071
2.770000,-0.9278103299,0.8608453721,0.7411008498,0.0099175348,0.0001975525,0.0000001014
2.780000,-0.9186143663,0.8438644131,0.7121478291,0.0092502171,0.0001120703,0.0000000195
2.790000,-0.9111707899,0.8302366626,0.6893076714,0.0081434462,0.0000682225,0.0000000051
2.800000,-0.9107801649,0.8295308353,0.6881557356,0.0108588324,0.0001649453,0.0000000597
2.810000,-0.8987738715,0.8078221507,0.6526659325,0.0073838975,0.0001133495,0.0000000460
2.820000,-0.8961480035,0.8030953955,0.6450076132,0.0090332029,0.0001250599,0.0000000445
2.830000,-0.8931749132,0.7977751126,0.6364889570,0.0103217229,0.0001985493,0.0000000935
2.840000,-0.8872884115,0.7873069615,0.6199346973,0.0110894099,0.0001639659,0.0000000431
2.850000,-0.8837022569,0.7809632163,0.6100089638,0.0079128689,0.0000764633,0.0000000083
2.860000,-0.8747667101,0.7652384742,0.5856558751,0.0090711805,0.0001018704,0.0000000158
2.870000,-0.8774305556,0.7698953261,0.5927725651,0.0079589844,0.0001298029,0.0000000662
2.880000,-0.8691840278,0.7555250936,0.5709517417,0.0105957030,0.0001295447,0.0000000248
2.890000,-0.8633626302,0.7454180993,0.5557170079,0.0067952474,0.0000880175,0.0000000269
2.900000,-0.8600857205,0.7397705153,0.5473284952,0.0053819445,0.0000555172,0.0000000088
2.910000,-0.8500217014,0.7225530492,0.5221295921,0.0109483509,0.0001434085,0.0000000347
2.920000,-0.8476508247,0.7185454514,0.5164038177,0.0091688368,0.0001031812,0.0000000171
2.930000,-0.8495334201,0.7217477419,0.5210381385,0.0081190320,0.0000887646,0.0000000186
2.940000,-0.8455240885,0.7149480353,0.5112572829,0.0068332247,0.0000677779,0.0000000094
2.950000,-0.8345431858,0.6964670412,0.4850794755,0.0056722006,0.0000523942,0.0000000082
2.960000,-0.8369357639,0.7004763035,0.4907085910,0.0125569664,0.0002483534,0.0000001238
2.970000,-0.8289550781,0.6871874413,0.4722842287,0.0054226345,0.0000682292,0.0000000195
2.980000,-0.8242350260,0.6793656457,0.4615438459,0.0117675780,0.0002241530,0.0000001561
2.990000,-0.8234754774,0.6781624274,0.4600404306,0.0056125218,0.0000371917,0.0000000022
3.000000,-0.8156087240,0.6652215721,0.4425303405,0.0086208768,0.0001189803,0.0000000427
