# Temp,E,E^2,E^4,M,M^2,M^4
1.500000,-1.9513020833,3.8075804969,14.4976795420,0.9865776896,0.9733356015,0.9473824414
1.510000,-1.9493489583,3.7999667188,14.4398285014,0.9860243082,0.9722443506,0.9452606879
1.520000,-1.9469726562,3.7907045697,14.3694721429,0.9852132201,0.9706454016,0.9421537090
1.530000,-1.9439832899,3.7790718107,14.2813955289,0.9845242023,0.9692879592,0.9395193582
1.540000,-1.9435709635,3.7774728105,14.2693721812,0.9843044877,0.9688557316,0.9386830068
1.550000,-1.9396375868,3.7621976811,14.1541872605,0.9829806805,0.9662515409,0.9336440602
1.560000,-1.9369411892,3.7517440953,14.0756276585,0.9823025107,0.9649184761,0.9310686442
1.570000,-1.9359646267,3.7479595489,14.0472084688,0.9819851279,0.9642948927,0.9298650303
1.580000,-1.9339192708,3.7400494608,13.9880555100,0.9814616084,0.9632673192,0.9278855875
1.590000,-1.9310221354,3.7288474210,13.9043170164,0.9806260943,0.9616276235,0.9247280193
1.600000,-1.9273437500,3.7146567448,13.7987165667,0.9793484211,0.9591235087,0.9199185911
1.610000,-1.9265842014,3.7117281481,13.7769475608,0.9790500283,0.9585390596,0.9187975187
1.620000,-1.9216525608,3.6927506619,13.6364384437,0.9775065184,0.9555195507,0.9130197426
1.630000,-1.9212565104,3.6912286020,13.6251984681,0.9775065184,0.9555192954,0.9130182782
1.640000,-1.9168728299,3.6744029554,13.5012592619,0.9761284590,0.9528269379,0.9078798194
1.650000,-1.9150553385,3.6674423914,13.4502134440,0.9754204750,0.9514456803,0.9052510782
1.660000,-1.9116970486,3.6545914420,13.3561238986,0.9744005084,0.9494570014,0.9014710666
1.670000,-1.9086263021,3.6428563033,13.2704303586,0.9735948443,0.9478871333,0.8984908231
1.680000,-1.9031521267,3.6219984227,13.1190229727,0.9717610717,0.9443203195,0.8917436538
1.690000,-1.8996039497,3.6084965110,13.0212664947,0.9706298947,0.9421226788,0.8875962205
1.700000,-1.9000705295,3.6102777977,13.0342471340,0.9705756426,0.9420184782,0.8874040950
1.710000,-1.8945366753,3.5892838833,12.8831695934,0.9689317584,0.9388300861,0.8814069420
1.720000,-1.8902018229,3.5728652274,12.7653987553,0.9673285723,0.9357248712,0.8755821741
1.730000,-1.8865505642,3.5590776513,12.6670994602,0.9662896156,0.9337166972,0.8718308879
1.740000,-1.8837348090,3.5484630641,12.5916785808,0.9652154088,0.9316423261,0.8679631633
1.750000,-1.8785753038,3.5290479694,12.4542190515,0.9636338949,0.9285906608,0.8622820175
1.760000,-1.8760796441,3.5196800207,12.3882206024,0.9627360106,0.9268615446,0.8590757326
1.770000,-1.8711914063,3.5013643615,12.2596517594,0.9610270262,0.9235743997,0.8529950534
1.780000,-1.8682237413,3.4902632977,12.1819846462,0.9600016356,0.9216038082,0.8493560407
1.790000,-1.8643066406,3.4756436520,12.0801599934,0.9588514447,0.9193963302,0.8452904849
1.800000,-1.8579589844,3.4520183120,11.9165232289,0.9563395143,0.9145863199,0.8364719888
1.810000,-1.8557237413,3.4437161167,11.8592565290,0.9556043983,0.9131808345,0.8339031351
1.820000,-1.8494574653,3.4204988229,11.6998930558,0.9531114459,0.9084230938,0.8252385727
1.830000,-1.8442328559,3.4011995467,11.5682226694,0.9513563395,0.9050797094,0.8191722668
1.840000,-1.8394911024,3.3837286221,11.4496343551,0.9494873166,0.9015264496,0.8127509683
1.850000,-1.8347439236,3.3662921170,11.3320148101,0.9484320760,0.8995244611,0.8091480615
1.860000,-1.8286295573,3.3438881584,11.1816161245,0.9457519531,0.8944479377,0.8000413418
1.870000,-1.8244574653,3.3286591500,11.0801596004,0.9447292805,0.8925152634,0.7965900958
1.880000,-1.8217610677,3.3188360275,11.0149728738,0.9427191973,0.8887215428,0.7898332913
1.890000,-1.8154730903,3.2959493964,10.8633727527,0.9402262449,0.8840262514,0.7815054563
1.900000,-1.8079806858,3.2688089199,10.6853046867,0.9379638791,0.8797796167,0.7740240659
1.910000,-1.8048936632,3.2576528396,10.6124546387,0.9363444090,0.8767421994,0.7686816096
1.920000,-1.7982259115,3.2336188792,10.4563227638,0.9344943643,0.8732798671,0.7626182514
1.930000,-1.7897949219,3.2033755993,10.2617399162,0.9301025510,0.8650922618,0.7483898373
1.940000,-1.7876139323,3.1955728418,10.2118041988,0.9295193315,0.8640071371,0.7465116110
1.950000,-1.7813259549,3.1731290817,10.0688360404,0.9272162557,0.8597311937,0.7391418817
1.960000,-1.7749782986,3.1505634885,9.9262463607,0.9246554971,0.8549895690,0.7310132613
1.970000,-1.7674587674,3.1239258640,9.7591046340,0.9207546830,0.8477972745,0.7187875695
1.980000,-1.7574652778,3.0886939914,9.5401516276,0.9171359658,0.8411399788,0.7075218389
1.990000,-1.7511501736,3.0665465735,9.4039482199,0.9139892697,0.8353792316,0.6978679679
2.000000,-1.7460883247,3.0488261489,9.2953617383,0.9111572385,0.8302086888,0.6892503662
2.010000,-1.7393174913,3.0252362942,9.1521872263,0.9089355469,0.8261655108,0.6825550110
2.020000,-1.7324652778,3.0014478080,9.0088313659,0.9042697549,0.8177066950,0.6686537386
2.030000,-1.7258572049,2.9786017135,8.8722898899,0.9023491740,0.8142385404,0.6629990896
2.040000,-1.7151746962,2.9418939406,8.6555595606,0.8969862342,0.8045957917,0.6474113750
2.050000,-1.7085340712,2.9190949283,8.5211882039,0.8940375566,0.7993060833,0.6388995771
2.060000,-1.6995062934,2.8883401316,8.3427221202,0.8899197102,0.7919583028,0.6272017976
2.070000,-1.6889594184,2.8525925964,8.1373835199,0.8833441854,0.7803002801,0.6088789166
2.080000,-1.6821343316,2.8295930558,8.0067905463,0.8790066123,0.7726540725,0.5969987937
2.090000,-1.6705457899,2.7907328289,7.7882968157,0.8746256590,0.7649799037,0.5852245613
2.100000,-1.6619683160,2.7621605396,7.6297719264,0.8697536826,0.7564794653,0.5722853630
2.110000,-1.6553276910,2.7401277510,7.5084968155,0.8635687947,0.7457589000,0.5561797386
2.120000,-1.6451985677,2.7067010148,7.3264762282,0.8594970703,0.7387429975,0.5457641839
2.130000,-1.6347330729,2.6723624639,7.1416307568,0.8516086221,0.7252446603,0.5260013611
2.140000,-1.6167697483,2.6139638528,6.8330104929,0.8432535887,0.7111005305,0.5057318224
2.150000,-1.6106933594,2.5943438372,6.7307314736,0.8331787109,0.6941912314,0.4819138673
2.160000,-1.6003526476,2.5611633717,6.5599127736,0.8318196774,0.6919361908,0.4788094646
2.170000,-1.5824978299,2.5043126092,6.2717143160,0.8206543088,0.6734878206,0.4536243088
2.180000,-1.5712782118,2.4689257519,6.0956983764,0.8102918863,0.6565863456,0.4311407968
2.190000,-1.5662760417,2.4532621148,6.0189026466,0.8057481647,0.6492578683,0.4216076427
2.200000,-1.5451226128,2.3874526305,5.7003953708,0.7891873002,0.6228468130,0.3880132672
2.210000,-1.5325032552,2.3486018247,5.5162642970,0.7716173053,0.5954230063,0.3545993628
2.220000,-1.5140245226,2.2923234076,5.2552327360,0.7530137777,0.5670632138,0.3216364479
2.230000,-1.4961100260,2.2383699321,5.0105214091,0.7381835938,0.5449374033,0.2970056823
2.240000,-1.4910698785,2.2233082386,4.9432670534,0.7374945879,0.5439157847,0.2958827271
2.250000,-1.4751464844,2.1760994813,4.7357767583,0.7178819418,0.5153876074,0.2656926519
2.260000,-1.4649197049,2.1460168182,4.6056213220,0.7022786498,0.4932337405,0.2433556351
2.270000,-1.4385308160,2.0693801026,4.2824101049,0.6691650391,0.4478154865,0.2005992865
2.280000,-1.4225151910,2.0235709052,4.0950126549,0.6470757484,0.4187190228,0.1753457406
2.290000,-1.4118218316,1.9932592208,3.9732286015,0.6347547889,0.4029265065,0.1623706691
2.300000,-1.3921006944,1.9380275491,3.7565985227,0.6121148109,0.3749903979,0.1410797268
2.310000,-1.3616319444,1.8540519832,3.4375861688,0.5517035723,0.3045142362,0.0928956158
2.320000,-1.3397949219,1.7951106588,3.2228561540,0.4900634706,0.2407716871,0.0585623753
2.330000,-1.3178114149,1.7366398156,3.0160071754,0.4246039569,0.1804639271,0.0326953309
2.340000,-1.3076660156,1.7100326751,2.9245006738,0.3779269814,0.1432495524,0.0207508668
2.350000,-1.2807562934,1.6403491157,2.6908270986,0.3135172546,0.0983183001,0.0096763705
2.360000,-1.2600423177,1.5877253919,2.5209905901,0.3018988788,0.0913081075,0.0083982239
2.370000,-1.2628472222,1.5948444717,2.5439205602,0.2866183877,0.0825735248,0.0069493668
2.380000,-1.2331922743,1.5208101249,2.3131497168,0.1942192972,0.0380576200,0.0015041085
2.390000,-1.2178439670,1.4831762121,2.2000043553,0.1545762807,0.0241372815,0.0006072219
2.400000,-1.2096354167,1.4632249929,2.1410692976,0.1201795802,0.0146221456,0.0002238780
2.410000,-1.1954210069,1.4290515002,2.0423035136,0.0955512181,0.0091382889,0.0000837991
2.420000,-1.1822536892,1.3977559577,1.9539020543,0.0704047322,0.0049912367,0.0000256028
2.430000,-1.1704752604,1.3700685410,1.8773954444,0.0463053390,0.0021812715,0.0000050826
2.440000,-1.1626627604,1.3517942517,1.8273993696,0.0631401911,0.0041164056,0.0000187203
2.450000,-1.1502604167,1.3231157582,1.7507235619,0.0499050573,0.0025400819,0.0000068845
2.460000,-1.1412543403,1.3024732398,1.6964979916,0.0100965712,0.0001327966,0.0000000370
2.470000,-1.1317599826,1.2808955708,1.6407698658,0.0123589410,0.0002203616,0.0000000952
2.480000,-1.1239746094,1.2633375935,1.5961159079,0.0235541450,0.0006155699,0.0000005240
2.490000,-1.1180718316,1.2500969267,1.5628040966,0.0477159292,0.0023211845,0.0000057566
2.500000,-1.1117024740,1.2359156913,1.5276523937,0.0256591801,0.0008264068,0.0000011749
2.510000,-1.0983723958,1.2064536295,1.4556831532,0.0062065972,0.0000466738,0.0000000036
2.520000,-1.0880533854,1.1839008917,1.4018154537,0.0132622612,0.0002525609,0.0000001212
2.530000,-1.0835394965,1.1740991289,1.3787033698,0.0060004341,0.0000544699,0.0000000062
2.540000,-1.0692003038,1.1431957196,1.3069258408,0.0169080948,0.0004162137,0.0000003780
2.550000,-1.0645453559,1.1332617114,1.2843043521,0.0134901259,0.0002434076,0.0000001183
2.560000,-1.0566569010,1.1165537079,1.2468255254,0.0249538846,0.0006410322,0.0000004540
2.570000,-1.0505045573,1.1035659783,1.2178849890,0.0222710500,0.0006116966,0.0000006165
2.580000,-1.0379177517,1.0773058133,1.1607272591,0.0136637371,0.0002695908,0.0000001379
2.590000,-1.0326877170,1.0664612333,1.1374133058,0.0138943143,0.0002433539,0.0000001020
2.600000,-1.0328938802,1.0668944298,1.1383689000,0.0062581381,0.0000700614,0.0000000122
2.610000,-1.0217339410,1.0439961448,1.0901600459,0.0059136284,0.0000615835,0.0000000119
2.620000,-1.0178927951,1.0361365033,1.0737061455,0.0083306210,0.0001304054,0.0000000388
2.630000,-1.0064832899,1.0130277779,1.0263027189,0.0057861329,0.0000434385,0.0000000028
2.640000,-1.0024793837,1.0049870231,1.0100873190,0.0112928604,0.0002007868,0.0000001183
2.650000,-0.9962944878,0.9926144242,0.9853300055,0.0149359812,0.0003299901,0.0000002566
2.660000,-0.9864312066,0.9730491198,0.9468346963,0.0035156250,0.0000243976,0.0000000015
2.670000,-0.9796278212,0.9596979340,0.9211249350,0.0213107636,0.0005509813,0.0000005385
2.680000,-0.9762912326,0.9531700944,0.9086304735,0.0143229167,0.0002716668,0.0000001192
2.690000,-0.9711751302,0.9432148976,0.8897813913,0.0134928386,0.0002793066,0.0000001685
2.700000,-0.9645616319,0.9304109668,0.8657831412,0.0169433595,0.0004518499,0.0000004884
2.710000,-0.9534993490,0.9091700237,0.8266229451,0.0086805557,0.0001336263,0.0000000621
2.720000,-0.9491753472,0.9009494311,0.8117657722,0.0092637805,0.0001279499,0.0000000320
2.730000,-0.9430338542,0.8893341279,0.7909910596,0.0085801866,0.0000973739,0.0000000141
2.740000,-0.9421223958,0.8876201650,0.7879604263,0.0138726130,0.0002373431,0.0000000822
2.750000,-0.9334960937,0.8714465474,0.7595290067,0.0133761936,0.0002560657,0.0000001368
2.760000,-0.9254503038,0.8564724541,0.7335937103,0.0153700090,0.0002646455,0.0000000958
2.770000,-0.9273871528,0.8600558961,0.7397270202,0.0105658637,0.0001615382,0.0000000571
2.780000,-0.9176269531,0.8420405807,0.7090369074,0.0068712022,0.0000624363,0.0000000080
2.790000,-0.9123046875,0.8323239035,0.6928430070,0.0132351350,0.0002315807,0.0000000891
2.800000,-0.9051703559,0.8193741550,0.6715073266,0.0073757596,0.0000980517,0.0000000238
2.810000,-0.9002821181,0.8105143094,0.6569541860,0.0077012804,0.0000897647,0.0000000171
2.820000,-0.8974500868,0.8054397586,0.6488080352,0.0201063370,0.0004418075,0.0000002530
2.830000,-0.8955566406,0.8020293808,0.6432758234,0.0150119355,0.0003377232,0.0000002402
2.840000,-0.8847059462,0.7827123284,0.6126627791,0.0074245878,0.0000719014,0.0000000083
2.850000,-0.8821777344,0.7782565101,0.6057421631,0.0033447266,0.0000148139,0.0000000004
2.860000,-0.8817437066,0.7774802866,0.6045015162,0.0051567925,0.0000577441,0.0000000099
2.870000,-0.8751085069,0.7658252637,0.5865201061,0.0075520833,0.0001115396,0.0000000369
2.880000,-0.8719346788,0.7603066661,0.5781776013,0.0111762153,0.0001294830,0.0000000189
2.890000,-0.8644965278,0.7473633619,0.5585792513,0.0092909072,0.0001054045,0.0000000181
2.900000,-0.8609646267,0.7412694612,0.5495080775,0.0102783205,0.0001343393,0.0000000266
2.910000,-0.8555175781,0.7319253767,0.5357587336,0.0081380211,0.0001070973,0.0000000288
2.920000,-0.8529025608,0.7274782341,0.5293284353,0.0111111111,0.0001420241,0.0000000294
2.930000,-0.8434678819,0.7114586618,0.5062320882,0.0073323570,0.0001014130,0.0000000300
2.940000,-0.8437011719,0.7118457787,0.5067645647,0.0077094186,0.0000827600,0.0000000146
2.950000,-0.8385959201,0.7032637334,0.4946375960,0.0089843751,0.0001370713,0.0000000496
2.960000,-0.8334364149,0.6946323081,0.4825587339,0.0065348308,0.0000630532,0.0000000079
2.970000,-0.8292751736,0.6877007011,0.4729415679,0.0055528429,0.0000400945,0.0000000026
2.980000,-0.8250596788,0.6807290661,0.4634072652,0.0066053603,0.0001104192,0.0000000517
2.990000,-0.8206000434,0.6734375037,0.4536615275,0.0115207246,0.0001629617,0.0000000539
3.000000,-0.8214680990,0.6748201457,0.4554099425,0.0075602213,0.0000774583,0.0000000096
