# Temp,E,E^2,E^4,M,M^2,M^4
1.500000,-1.9517469388,3.8093164493,14.5108969357,0.9866824508,0.9735422911,0.9477847186
1.510000,-1.9484587755,3.7964918593,14.4133543771,0.9857387662,0.9716809392,0.9441639407
1.520000,-1.9467885714,3.7899869840,14.3640201800,0.9852473497,0.9707124722,0.9422832162
1.530000,-1.9442400000,3.7800705849,14.2889549034,0.9844522357,0.9691463479,0.9392451999
1.540000,-1.9421975510,3.7721323820,14.2289986121,0.9838285804,0.9679187529,0.9368670113
1.550000,-1.9401600000,3.7642215665,14.1693751511,0.9832702160,0.9668203853,0.9347419188
1.560000,-1.9383134694,3.7570601524,14.1155167253,0.9826947093,0.9656889771,0.9325555305
1.570000,-1.9352130612,3.7450504962,14.0254167519,0.9816946983,0.9637245464,0.9287652546
1.580000,-1.9334579592,3.7382609084,13.9746129928,0.9812391877,0.9628304668,0.9270429829
1.590000,-1.9301420408,3.7254487263,13.8789745992,0.9801771402,0.9607472647,0.9230354546
1.600000,-1.9275118367,3.7153023439,13.8034783895,0.9794171333,0.9592579895,0.9201761528
1.610000,-1.9264995918,3.7114018793,13.7745217489,0.9791518450,0.9587385173,0.9191802416
1.620000,-1.9224506122,3.6958173918,13.6590814999,0.9778293967,0.9561504175,0.9142239593
1.630000,-1.9198302041,3.6857491824,13.5847642803,0.9770587802,0.9546439394,0.9113453547
1.640000,-1.9171738776,3.6755566025,13.5097299454,0.9761200070,0.9528103600,0.9078479320
1.650000,-1.9144261224,3.6650280780,13.4324410641,0.9752799869,0.9511710949,0.9047266119
1.660000,-1.9109714286,3.6518125434,13.3357456987,0.9743061185,0.9492725364,0.9011188187
1.670000,-1.9070383673,3.6367958726,13.2262920453,0.9728522301,0.9464415082,0.8957517050
1.680000,-1.9047542857,3.6280890697,13.1630329213,0.9721983671,0.9451697089,0.8933459446
1.690000,-1.9009404082,3.6135767477,13.0579703330,0.9711404204,0.9431138991,0.8894645166
1.700000,-1.8985208163,3.6043813782,12.9915663910,0.9702481627,0.9413815123,0.8861992081
1.710000,-1.8953485714,3.5923472616,12.9049740018,0.9692555070,0.9394564092,0.8825789890
1.720000,-1.8908032653,3.5751399407,12.7816677985,0.9675248981,0.9361047431,0.8762932686
1.730000,-1.8873730612,3.5621800476,12.6891690839,0.9665665269,0.9342512150,0.8728266933
1.740000,-1.8837371429,3.5484669488,12.5916365115,0.9654122353,0.9320209772,0.8686638224
1.750000,-1.8789893878,3.5306039655,12.4652045867,0.9636742830,0.9286685653,0.8624269446
1.760000,-1.8760751020,3.5196581454,12.3879984862,0.9627706170,0.9269273967,0.8591949024
1.770000,-1.8714318367,3.5022602280,12.2658702713,0.9607714415,0.9230822765,0.8520827874
1.780000,-1.8684489796,3.4911028548,12.1878168022,0.9599118233,0.9214308823,0.8490355117
1.790000,-1.8628097959,3.4700620181,12.0413537839,0.9580146909,0.9177922442,0.8423429571
1.800000,-1.8593322449,3.4571184003,11.9516953614,0.9567134857,0.9153009255,0.8377766329
1.810000,-1.8544865306,3.4391236778,11.8276182647,0.9550236583,0.9120706296,0.8318744452
1.820000,-1.8495657143,3.4208968536,11.7025834886,0.9533910155,0.9089550351,0.8262014626
1.830000,-1.8447542857,3.4031222012,11.5812927673,0.9515510082,0.9054502150,0.8198433292
1.840000,-1.8416261224,3.3915884525,11.5028949828,0.9504236579,0.9033053567,0.8159613880
1.850000,-1.8348375510,3.3666318530,11.3342506357,0.9479820371,0.8986706922,0.8076117077
1.860000,-1.8298710204,3.3484330101,11.2120712829,0.9462497950,0.8953894461,0.8017250227
1.870000,-1.8251265306,3.3310910540,11.0962236088,0.9443175435,0.8917362103,0.7951955636
1.880000,-1.8211608163,3.3166274207,11.0000267587,0.9427926660,0.8888581048,0.7900690638
1.890000,-1.8158269388,3.2972352307,10.8718624700,0.9408653021,0.8852294932,0.7836382524
1.900000,-1.8105208163,3.2779879661,10.7452357901,0.9387265325,0.8812080284,0.7765294415
1.910000,-1.8017632653,3.2463578218,10.5389294156,0.9348865390,0.8740137388,0.7639031538
1.920000,-1.7979673469,3.2326887306,10.4503042612,0.9340146780,0.8723840258,0.7610560081
1.930000,-1.7925485714,3.2132340246,10.3249197172,0.9314734578,0.8676443010,0.7528118271
1.940000,-1.7867069388,3.1923226100,10.1909354521,0.9292555094,0.8635160268,0.7456607059
1.950000,-1.7784228571,3.1627915644,10.0032973470,0.9257379651,0.8569922256,0.7344406314
1.960000,-1.7737322449,3.1461300939,9.8981851230,0.9236424565,0.8531160619,0.7278093154
1.970000,-1.7655624490,3.1172114919,9.7170165951,0.9203126550,0.8469755434,0.7173681152
1.980000,-1.7579820408,3.0905055876,9.5512832776,0.9167518377,0.8404356625,0.7063379192
1.990000,-1.7544408163,3.0780671393,9.4745534710,0.9152726650,0.8377245064,0.7017838738
2.000000,-1.7441714286,3.0421370418,9.2546351483,0.9110187769,0.8299555587,0.6888273810
2.010000,-1.7373861224,3.0185171650,9.1115258101,0.9075224638,0.8235999262,0.6783263976
2.020000,-1.7308914286,2.9959896643,8.9760082891,0.9035844922,0.8164665174,0.6666227393
2.030000,-1.7235200000,2.9705314513,8.8241790032,0.9003412366,0.8106163881,0.6571055573
2.040000,-1.7142726531,2.9387385392,8.6362759376,0.8968032718,0.8042581343,0.6468376632
2.050000,-1.7106612245,2.9263671982,8.5636878771,0.8949673295,0.8009678092,0.6415535575
2.060000,-1.6971575510,2.8803469851,8.2964360101,0.8873885632,0.7874595099,0.6200957791
2.070000,-1.6890938776,2.8530501329,8.1400324114,0.8837069273,0.7809409818,0.6098783521
2.080000,-1.6824424490,2.8306215514,8.0125196975,0.8806400061,0.7755294858,0.6014542558
2.090000,-1.6725322449,2.7973670883,7.8252959312,0.8751273394,0.7658482106,0.5865245560
2.100000,-1.6634742857,2.7671498994,7.6571539950,0.8693420410,0.7557561367,0.5711690089
2.110000,-1.6529910204,2.7323883701,7.4660452865,0.8647844911,0.7478561925,0.5593008085
2.120000,-1.6421632653,2.6967017668,7.2722174225,0.8578889847,0.7359752440,0.5416646687
2.130000,-1.6328734694,2.6662817416,7.1091221384,0.8520293951,0.7259572304,0.5270230152
2.140000,-1.6243232653,2.6384397368,6.9615083724,0.8465346932,0.7166252173,0.5135638103
2.150000,-1.6090253061,2.5889733128,6.7028956913,0.8354057074,0.6979096852,0.4870975112
2.160000,-1.5970661224,2.5506299990,6.5058132887,0.8291428566,0.6874837884,0.4726502049
2.170000,-1.5878253061,2.5211997175,6.3565540862,0.8223493814,0.6762706190,0.4573747405
2.180000,-1.5753110204,2.4816487893,6.1590193630,0.8112106085,0.6580865279,0.4331410552
2.190000,-1.5596816327,2.4326127811,5.9176631093,0.7986653090,0.6378685494,0.4068820827
2.200000,-1.5468310204,2.3926913705,5.7250213927,0.7868432760,0.6191250490,0.3833225264
2.210000,-1.5363346939,2.3603354799,5.5712892403,0.7773118377,0.6042195481,0.3650954208
2.220000,-1.5173338776,2.3023287610,5.3009630101,0.7582171321,0.5749336160,0.3306405176
2.230000,-1.5014040816,2.2542186233,5.0815413333,0.7371616244,0.5434222293,0.2953402603
2.240000,-1.4897355102,2.2193203751,4.9254581773,0.7287224412,0.5310439248,0.2820236614
2.250000,-1.4716979592,2.1659030526,4.6912066158,0.7024351001,0.4934154367,0.2434595174
2.260000,-1.4519020408,2.1080267135,4.4438370626,0.6767453074,0.4580021345,0.2097987311
2.270000,-1.4406302041,2.0754241498,4.3074580408,0.6638008118,0.4406485147,0.1942010455
2.280000,-1.4226644898,2.0239875171,4.0966330709,0.6413273454,0.4113414275,0.1692689428
2.290000,-1.3990791837,1.9574246358,3.8315274394,0.6039885640,0.3648606874,0.1332094345
2.300000,-1.3840457143,1.9156204693,3.6698909545,0.5700342774,0.3251108347,0.1059190382
2.310000,-1.3590269388,1.8469754871,3.4114753518,0.5232677579,0.2739350257,0.0751768471
2.320000,-1.3410400000,1.7983984394,3.2343100922,0.4735534668,0.2243513113,0.0504215697
2.330000,-1.3248620408,1.7552708136,3.0810556818,0.4415861309,0.1950587570,0.0380957378
2.340000,-1.3063281633,1.7065319249,2.9125152605,0.4026147008,0.1623229446,0.0264944177
2.350000,-1.2836000000,1.6476536137,2.7149246670,0.3468351066,0.1205888978,0.0146821389
2.360000,-1.2623314286,1.5934908210,2.5392778880,0.2769853055,0.0768961939,0.0059669671
2.370000,-1.2471493878,1.5553942543,2.4193302182,0.2145844907,0.0461896101,0.0021599266
2.380000,-1.2301436735,1.5132649098,2.2900402771,0.1526538789,0.0236656296,0.0005941220
2.390000,-1.2191787755,1.4864133630,2.2095227666,0.0966342852,0.0093750684,0.0000893240
2.400000,-1.2005681633,1.4413664792,2.0775521224,0.0740130618,0.0055229190,0.0000315607
2.410000,-1.1954236735,1.4290399925,2.0421680605,0.0532881632,0.0029430107,0.0000098897
2.420000,-1.1845893878,1.4032583097,1.9691691956,0.0330644894,0.0011463754,0.0000015266
2.430000,-1.1707640816,1.3706963507,1.8788513291,0.0203093881,0.0004611786,0.0000002787
2.440000,-1.1625665306,1.3515710594,1.8267990124,0.0147159183,0.0002223328,0.0000000556
2.450000,-1.1564408163,1.3373694881,1.7886328165,0.0116987756,0.0001874525,0.0000000853
2.460000,-1.1434481633,1.3074759254,1.7095049405,0.0033077552,0.0000154363,0.0000000005
2.470000,-1.1326873469,1.2829902181,1.6461132104,0.0061004081,0.0000467729,0.0000000037
2.480000,-1.1270138776,1.2701663709,1.6133536181,0.0127314284,0.0001876500,0.0000000479
2.490000,-1.1148391837,1.2428835542,1.5448444962,0.0130416324,0.0001736305,0.0000000326
2.500000,-1.1059836735,1.2232033425,1.4962433622,0.0038383672,0.0000246386,0.0000000012
2.510000,-1.0984424490,1.2065863421,1.4559014785,0.0035485715,0.0000245620,0.0000000019
2.520000,-1.0866579592,1.1808276137,1.3943637369,0.0084024491,0.0000963671,0.0000000163
2.530000,-1.0799738776,1.1663467883,1.3603798196,0.0085044898,0.0000968416,0.0000000173
2.540000,-1.0745110204,1.1545804497,1.3330861877,0.0089820407,0.0001063497,0.0000000201
2.550000,-1.0660473469,1.1364645669,1.2915862535,0.0149444899,0.0002324016,0.0000000625
2.560000,-1.0586938776,1.1208518104,1.2563944600,0.0082048981,0.0000862577,0.0000000113
2.570000,-1.0536163265,1.1101116976,1.2323671889,0.0064318368,0.0000558179,0.0000000061
2.580000,-1.0432097959,1.0882962409,1.1844302180,0.0031746939,0.0000144792,0.0000000005
2.590000,-1.0339951020,1.0691542502,1.1431267037,0.0079355102,0.0000826982,0.0000000127
2.600000,-1.0281600000,1.0571215761,1.1175422421,0.0118171429,0.0001829779,0.0000000520
2.610000,-1.0225567347,1.0456230696,1.0933309253,0.0068057142,0.0000515388,0.0000000040
2.620000,-1.0152979592,1.0308349844,1.0626415449,0.0038097959,0.0000200269,0.0000000008
2.630000,-1.0092048980,1.0184999774,1.0373644032,0.0069812247,0.0000677053,0.0000000085
2.640000,-1.0004506122,1.0009123899,1.0018695231,0.0026530613,0.0000095427,0.0000000002
2.650000,-0.9949322449,0.9899018042,0.9799515273,0.0060106123,0.0000484591,0.0000000042
2.660000,-0.9860359184,0.9722816236,0.9453890298,0.0061567346,0.0000404228,0.0000000019
2.670000,-0.9824604082,0.9652350311,0.9317041074,0.0042661223,0.0000254431,0.0000000015
2.680000,-0.9763967347,0.9533577288,0.9089181711,0.0065951021,0.0000553359,0.0000000050
2.690000,-0.9681469388,0.9373191646,0.8786071703,0.0051183674,0.0000279767,0.0000000010
2.700000,-0.9668963265,0.9348984660,0.8740724316,0.0085951021,0.0001096845,0.0000000208
2.710000,-0.9604114286,0.9223929096,0.8508190159,0.0128489796,0.0001720261,0.0000000344
2.720000,-0.9558367347,0.9136297301,0.8347407062,0.0057624489,0.0000390156,0.0000000022
2.730000,-0.9445959184,0.8922758760,0.7962079544,0.0077371427,0.0000776770,0.0000000099
2.740000,-0.9408734694,0.8852449752,0.7836660729,0.0022848980,0.0000088823,0.0000000002
2.750000,-0.9339297959,0.8722294331,0.7608000866,0.0047853061,0.0000346863,0.0000000025
2.760000,-0.9292587755,0.8635264179,0.7456935400,0.0034693877,0.0000228841,0.0000000016
2.770000,-0.9247918367,0.8552490342,0.7314820701,0.0039706122,0.0000207576,0.0000000007
2.780000,-0.9182155102,0.8431244284,0.7108746758,0.0040726531,0.0000263256,0.0000000021
2.790000,-0.9135559184,0.8345884863,0.6965515074,0.0066195918,0.0000526315,0.0000000042
2.800000,-0.9081600000,0.8247678819,0.6802859990,0.0075183672,0.0000814260,0.0000000156
2.810000,-0.9027134694,0.8148932235,0.6640562334,0.0051959183,0.0000293007,0.0000000011
2.820000,-0.8956963265,0.8022788819,0.6436737412,0.0040922449,0.0000207706,0.0000000007
2.830000,-0.8937093878,0.7987197913,0.6379639024,0.0035575509,0.0000226680,0.0000000016
2.840000,-0.8868832653,0.7865864758,0.6187951257,0.0056710204,0.0000361480,0.0000000018
2.850000,-0.8818400000,0.7776478757,0.6047551435,0.0057297959,0.0000453081,0.0000000046
2.860000,-0.8798595918,0.7741602558,0.5993469094,0.0048840816,0.0000306033,0.0000000014
2.870000,-0.8720097959,0.7604124075,0.5782615168,0.0036546939,0.0000183488,0.0000000007
2.880000,-0.8679085714,0.7532713712,0.5674360747,0.0022138776,0.0000100527,0.0000000004
2.890000,-0.8633012245,0.7452977327,0.5554947731,0.0058375509,0.0000392309,0.0000000021
2.900000,-0.8606400000,0.7407052445,0.5486561885,0.0038759184,0.0000198781,0.0000000006
2.910000,-0.8545714286,0.7302960265,0.5333430806,0.0079371427,0.0000822386,0.0000000127
2.920000,-0.8516800000,0.7253608923,0.5261544247,0.0032595918,0.0000140986,0.0000000003
2.930000,-0.8459755102,0.7156813688,0.5122193585,0.0028457143,0.0000087399,0.0000000001
2.940000,-0.8411673469,0.7075742072,0.5006943351,0.0030489795,0.0000119247,0.0000000002
2.950000,-0.8390514286,0.7040123209,0.4956474922,0.0033526530,0.0000163360,0.0000000006
2.960000,-0.8353518367,0.6978133437,0.4869452827,0.0019469388,0.0000052808,0.0000000001
2.970000,-0.8302465306,0.6893143049,0.4751680173,0.0030367346,0.0000146364,0.0000000004
2.980000,-0.8251526531,0.6808781770,0.4635985658,0.0068612245,0.0000502283,0.0000000030
2.990000,-0.8212000000,0.6743753841,0.4547982114,0.0027232652,0.0000092967,0.0000000001
3.000000,-0.8172816327,0.6679661407,0.4462237390,0.0020857143,0.0000055028,0.0000000001
