# Temp,E,E^2,E^4,M,M^2,M^4
1.500000,-1.9518637037,3.8097722611,14.5143699131,0.9867195129,0.9736154454,0.9479272229
1.510000,-1.9481106173,3.7951358655,14.4030697227,0.9856118679,0.9714308194,0.9436780907
1.520000,-1.9468730864,3.7903150737,14.3664922856,0.9852824569,0.9707815690,0.9424170457
1.530000,-1.9446725926,3.7817524052,14.3016650575,0.9845684052,0.9693750198,0.9396882215
1.540000,-1.9429303704,3.7749789682,14.2504744272,0.9840834498,0.9684202980,0.9378381127
1.550000,-1.9408454321,3.7668819492,14.1894140566,0.9834365487,0.9671475305,0.9353746755
1.560000,-1.9378943210,3.7554348347,14.1032973383,0.9825965405,0.9654959903,0.9321826191
1.570000,-1.9363160494,3.7493201614,14.0574064458,0.9821051717,0.9645306007,0.9303194051
1.580000,-1.9337530864,3.7394020777,13.9831440301,0.9813200116,0.9629890847,0.9273484378
1.590000,-1.9310538272,3.7289690030,13.9052116101,0.9804933429,0.9613672293,0.9242270799
1.600000,-1.9282024691,3.7179660190,13.8232900197,0.9795565486,0.9595311311,0.9207003724
1.610000,-1.9247772840,3.7047676480,13.7253041436,0.9786286473,0.9577140365,0.9172162028
1.620000,-1.9227644444,3.6970235649,13.6679899822,0.9779595137,0.9564048487,0.9147103810
1.630000,-1.9206962963,3.6890747722,13.6092801968,0.9771698713,0.9548610088,0.9117597423
1.640000,-1.9172671605,3.6759135805,13.5123438234,0.9762212396,0.9530079434,0.9082242729
1.650000,-1.9134953086,3.6614647705,13.4063312119,0.9749708652,0.9505682614,0.9035802980
1.660000,-1.9117688889,3.6548604423,13.3580071585,0.9744103670,0.9494755853,0.9015039707
1.670000,-1.9085985185,3.6427492909,13.2696367575,0.9734360456,0.9475778239,0.8979040693
1.680000,-1.9056167901,3.6313770900,13.1869248264,0.9725041986,0.9457646602,0.8944717153
1.690000,-1.9024256790,3.6192239955,13.0987900225,0.9715239406,0.9438587987,0.8908695515
1.700000,-1.8982785185,3.6034629778,12.9849691247,0.9700987577,0.9410917425,0.8856542049
1.710000,-1.8942014815,3.5880002770,12.8737606889,0.9688320875,0.9386357661,0.8810376733
1.720000,-1.8914992593,3.5777695167,12.8004357015,0.9677772760,0.9365928616,0.8772062090
1.730000,-1.8879644444,3.5644110548,12.7050448579,0.9666898847,0.9344895080,0.8732712941
1.740000,-1.8838320988,3.5488251203,12.5941844857,0.9652824759,0.9317704413,0.8681968371
1.750000,-1.8807624691,3.5372693277,12.5123006628,0.9643022180,0.9298790231,0.8646759483
1.760000,-1.8753876543,3.5170809022,12.3698868956,0.9625679016,0.9265370986,0.8584714893
1.770000,-1.8719595062,3.5042330990,12.2796595112,0.9611649513,0.9238381298,0.8534771348
1.780000,-1.8687782716,3.4923326294,12.1963927967,0.9601718545,0.9219300002,0.8499549622
1.790000,-1.8630162963,3.4708324368,12.0467155364,0.9580632091,0.9178855661,0.8425155780
1.800000,-1.8590617284,3.4561130919,11.9447534113,0.9568217397,0.9155081141,0.8381561053
1.810000,-1.8543595062,3.4386511474,11.8243487974,0.9551081419,0.9122317127,0.8321672451
1.820000,-1.8504138272,3.4240323596,11.7240116807,0.9537604809,0.9096592305,0.8274805546
1.830000,-1.8456414815,3.4063930007,11.6035203939,0.9519629717,0.9062336490,0.8212599683
1.840000,-1.8410864198,3.3896002588,11.4894042124,0.9503284097,0.9031243803,0.8156347092
1.850000,-1.8353837037,3.3686342155,11.3477082732,0.9482923388,0.8992585676,0.8086667178
1.860000,-1.8311200000,3.3530010671,11.2426243747,0.9465688825,0.8959928779,0.8028040566
1.870000,-1.8250281481,3.3307291194,11.0937748210,0.9443407416,0.8917796201,0.7952715467
1.880000,-1.8208306173,3.3154262544,10.9920793163,0.9426429749,0.8885759628,0.7895678983
1.890000,-1.8152651852,3.2951890290,10.8582883518,0.9406044364,0.8847368407,0.7827597546
1.900000,-1.8101461728,3.2766323590,10.7363614202,0.9385358095,0.8808499145,0.7758981522
1.910000,-1.8039950617,3.2544007733,10.5911580927,0.9360271692,0.8761471250,0.7676347076
1.920000,-1.7966804938,3.2280617918,10.4203957770,0.9331229568,0.8707187691,0.7581522775
1.930000,-1.7922864198,3.2122909504,10.3188175194,0.9316883922,0.8680434408,0.7535000426
1.940000,-1.7864997531,3.1915843798,10.1862492951,0.9291985273,0.8634102676,0.7454785482
1.950000,-1.7798261728,3.1677845746,10.0349017792,0.9261629581,0.8577786685,0.7357871361
1.960000,-1.7730903704,3.1438521065,9.8838392987,0.9238182664,0.8534405214,0.7283618565
1.970000,-1.7662913580,3.1197857494,9.7330704605,0.9200419664,0.8464775492,0.7165253558
1.980000,-1.7608296296,3.1005227950,9.6132640480,0.9186706185,0.8439557920,0.7122616716
1.990000,-1.7517234568,3.0685360463,9.4159254643,0.9143629670,0.8360603847,0.6989994724
2.000000,-1.7470548148,3.0522020093,9.3159552118,0.9117353082,0.8312615828,0.6909968521
2.010000,-1.7382548148,3.0215346390,9.1297299862,0.9080859184,0.8246211067,0.6800035024
2.020000,-1.7297728395,2.9921144632,8.9527535930,0.9039417386,0.8171107702,0.6676703488
2.030000,-1.7215565432,2.9637591509,8.7838946277,0.9002814770,0.8105075741,0.6569252420
2.040000,-1.7154004938,2.9426009998,8.6589258918,0.8972859144,0.8051226448,0.6482245107
2.050000,-1.7062400000,2.9112561739,8.4754269030,0.8923486471,0.7962867853,0.6340748014
2.060000,-1.6981728395,2.8837925586,8.3162775780,0.8880661845,0.7886621754,0.6219900075
2.070000,-1.6907002469,2.8584733528,8.1709387942,0.8841758132,0.7817691818,0.6111702837
2.080000,-1.6792987654,2.8200481332,7.9527142292,0.8783106089,0.7714299915,0.5951056699
2.090000,-1.6691664198,2.7861172640,7.7624575159,0.8727027297,0.7616107937,0.5800532517
2.100000,-1.6636553086,2.7677500721,7.6604524817,0.8701693773,0.7571954719,0.5733471835
2.110000,-1.6510903704,2.7261041466,7.4316953802,0.8625580311,0.7440068291,0.5535475670
2.120000,-1.6420750617,2.6964133903,7.2706762646,0.8566884041,0.7339154498,0.5386331443
2.130000,-1.6323772840,2.6646564098,7.1004024445,0.8519432068,0.7258074575,0.5267971329
2.140000,-1.6214804938,2.6292051986,6.9127851241,0.8441071749,0.7125197479,0.5076924195
2.150000,-1.6093827160,2.5901244041,6.7088652191,0.8367150664,0.7000982431,0.4901546824
2.160000,-1.5977945679,2.5529566654,6.5176817503,0.8279757977,0.6855454742,0.4699768604
2.170000,-1.5878498765,2.5212718132,6.3568577698,0.8207772851,0.6736798000,0.4538564737
2.180000,-1.5755387654,2.4823236953,6.1619437743,0.8128780246,0.6607715141,0.4366211928
2.190000,-1.5633837037,2.4441713923,5.9740010445,0.8038577795,0.6461904391,0.4175701096
2.200000,-1.5468987654,2.3929007414,5.7260212737,0.7902444363,0.6244878347,0.3899889643
2.210000,-1.5358903704,2.3589650076,5.5647704467,0.7816948056,0.6110524707,0.3733990728
2.220000,-1.5224246914,2.3177792389,5.3721219130,0.7676543117,0.5893032264,0.3473021615
2.230000,-1.5098143210,2.2795465023,5.1963982126,0.7558829546,0.5713723527,0.3264968408
2.240000,-1.4900138272,2.2201445036,4.9290709163,0.7342108607,0.5390949047,0.2906864641
2.250000,-1.4751150617,2.1759664962,4.7348480463,0.7148834467,0.5110618691,0.2611914349
2.260000,-1.4594162963,2.1299061046,4.5365866167,0.6932246923,0.4805917562,0.2310282163
2.270000,-1.4366883951,2.0640768249,4.2604402283,0.6644311070,0.4414764338,0.1949151164
2.280000,-1.4209086420,2.0190164351,4.0767106776,0.6364276528,0.4051649434,0.1643597229
2.290000,-1.4025669136,1.9672120792,3.8700659140,0.6035575390,0.3643048605,0.1327515527
2.300000,-1.3796987654,1.9035964749,3.6238914456,0.5665234685,0.3210408514,0.1031864673
2.310000,-1.3604246914,1.8507746641,3.4255101823,0.5368696213,0.2882595898,0.0831288402
2.320000,-1.3434804938,1.8049439261,3.2578520813,0.4939387679,0.2440536438,0.0596382607
2.330000,-1.3217491358,1.7470405416,3.0522887934,0.4390775323,0.1931217336,0.0375550489
2.340000,-1.3040108642,1.7004596943,2.8916676085,0.3928651810,0.1544529715,0.0239240008
2.350000,-1.2826765432,1.6452883564,2.7071664158,0.3355224669,0.1128719912,0.0128725626
2.360000,-1.2652493827,1.6008635305,2.5628122406,0.2811619699,0.0791869252,0.0063131435
2.370000,-1.2495644444,1.5614169717,2.4380583065,0.2180064172,0.0477639083,0.0023275842
2.380000,-1.2354143210,1.5262612696,2.3295513491,0.1790232092,0.0321610306,0.0010483057
2.390000,-1.2203516049,1.4892661788,2.2179621529,0.1305101231,0.0171561517,0.0003032341
2.400000,-1.2086972840,1.4609558250,2.1344311087,0.0737264208,0.0055402886,0.0000330156
2.410000,-1.1928345679,1.4228603569,2.0245660669,0.0345387653,0.0012349268,0.0000017107
2.420000,-1.1833362963,1.4002902791,1.9608435919,0.0231165431,0.0005634130,0.0000003856
2.430000,-1.1700720988,1.3690760306,1.8744092360,0.0073135803,0.0000706838,0.0000000095
2.440000,-1.1623219753,1.3509986101,1.8252309750,0.0024888889,0.0000111470,0.0000000004
2.450000,-1.1521412346,1.3274350479,1.7621136585,0.0051190123,0.0000548560,0.0000000095
2.460000,-1.1434429630,1.3074645039,1.7094775154,0.0071520988,0.0000658148,0.0000000081
2.470000,-1.1333283951,1.2844459229,1.6498665623,0.0158207405,0.0002560142,0.0000000716
2.480000,-1.1258103704,1.2674502557,1.6064365647,0.0065629629,0.0000554379,0.0000000049
2.490000,-1.1175377778,1.2488937618,1.5597509689,0.0107935803,0.0001181924,0.0000000147
2.500000,-1.1066982716,1.2247909249,1.5001609804,0.0079896297,0.0000837733,0.0000000116
2.510000,-1.0990962963,1.2080179596,1.4593329604,0.0176009879,0.0003906709,0.0000002334
2.520000,-1.0862765432,1.1800025029,1.3924332276,0.0042434569,0.0000309539,0.0000000026
2.530000,-1.0799081481,1.1662089373,1.3600775329,0.0044997531,0.0000421121,0.0000000047
2.540000,-1.0747545679,1.1551016075,1.3342792463,0.0035076543,0.0000150606,0.0000000003
2.550000,-1.0618567901,1.1275423667,1.2713631545,0.0047817283,0.0000377454,0.0000000032
2.560000,-1.0579506173,1.1192651815,1.2527799362,0.0024637037,0.0000079569,0.0000000001
2.570000,-1.0505441975,1.1036489618,1.2180668472,0.0025328396,0.0000188971,0.0000000016
2.580000,-1.0423792593,1.0865578759,1.1806226161,0.0090755556,0.0000912536,0.0000000111
2.590000,-1.0354814815,1.0722286788,1.1497033881,0.0040740741,0.0000191378,0.0000000006
2.600000,-1.0287279012,1.0582914082,1.1200243646,0.0125604939,0.0001596539,0.0000000268
2.610000,-1.0228780247,1.0462809185,1.0947098964,0.0028493827,0.0000088783,0.0000000001
2.620000,-1.0130844444,1.0263472335,1.0534179867,0.0032928395,0.0000159089,0.0000000007
2.630000,-1.0089234568,1.0179315468,1.0362049867,0.0025116049,0.0000094060,0.0000000002
2.640000,-0.9996276543,0.9992635615,0.9985600708,0.0038380248,0.0000265597,0.0000000021
2.650000,-0.9932967901,0.9866423540,0.9734782888,0.0023876543,0.0000087040,0.0000000002
2.660000,-0.9885817284,0.9772960868,0.9551164475,0.0043180247,0.0000225439,0.0000000008
2.670000,-0.9830281481,0.9663503395,0.9338561610,0.0052765432,0.0000385855,0.0000000024
2.680000,-0.9776246914,0.9557523480,0.9134713979,0.0070745680,0.0000616155,0.0000000063
2.690000,-0.9695575309,0.9400436947,0.8836892545,0.0078706173,0.0000781389,0.0000000098
2.700000,-0.9643032099,0.9298883551,0.8647208809,0.0038222223,0.0000187457,0.0000000005
2.710000,-0.9566400000,0.9151646577,0.8375430513,0.0033091358,0.0000182188,0.0000000008
2.720000,-0.9510834568,0.9045631066,0.8182466116,0.0037758024,0.0000165830,0.0000000004
2.730000,-0.9450498765,0.8931198000,0.7976648721,0.0031017284,0.0000109228,0.0000000002
2.740000,-0.9405679012,0.8846705182,0.7826509275,0.0022227161,0.0000100892,0.0000000004
2.750000,-0.9330795062,0.8706423491,0.7580354529,0.0034597530,0.0000161269,0.0000000004
2.760000,-0.9294143210,0.8638161080,0.7461959779,0.0043743210,0.0000233019,0.0000000008
2.770000,-0.9250014815,0.8556312917,0.7321170502,0.0044241976,0.0000271637,0.0000000017
2.780000,-0.9192701235,0.8450590836,0.7141300072,0.0021955555,0.0000076197,0.0000000002
2.790000,-0.9125866667,0.8328210484,0.6936129967,0.0049669134,0.0000331398,0.0000000017
2.800000,-0.9064780247,0.8217039187,0.6752022914,0.0047382716,0.0000277741,0.0000000013
2.810000,-0.9031891358,0.8157549649,0.6654703203,0.0034098765,0.0000336490,0.0000000052
2.820000,-0.8981224691,0.8066246786,0.6506456583,0.0031708642,0.0000132791,0.0000000003
2.830000,-0.8943851852,0.7999306981,0.6399078058,0.0029170370,0.0000093724,0.0000000001
2.840000,-0.8864958025,0.7858780767,0.6176146099,0.0021367901,0.0000055143,0.0000000000
2.850000,-0.8838893827,0.7812615220,0.6103729447,0.0024330864,0.0000088453,0.0000000001
2.860000,-0.8785758025,0.7718998190,0.5958428593,0.0042098765,0.0000296641,0.0000000023
2.870000,-0.8746953086,0.7650940650,0.5853756000,0.0027343210,0.0000085333,0.0000000001
2.880000,-0.8708009877,0.7582980988,0.5750273420,0.0035713580,0.0000207383,0.0000000014
2.890000,-0.8645432099,0.7474364387,0.5586656492,0.0046320988,0.0000314905,0.0000000024
2.900000,-0.8580790123,0.7363027368,0.5421509818,0.0047027160,0.0000333335,0.0000000023
2.910000,-0.8554074074,0.7317227945,0.5354210622,0.0029481482,0.0000121122,0.0000000003
2.920000,-0.8526962963,0.7271004377,0.5287026549,0.0024953087,0.0000085926,0.0000000002
2.930000,-0.8452069136,0.7143813859,0.5103598007,0.0036222222,0.0000159634,0.0000000004
2.940000,-0.8418261728,0.7086752608,0.5022318404,0.0034646914,0.0000161722,0.0000000007
2.950000,-0.8410785185,0.7074164680,0.5004476690,0.0019432099,0.0000066792,0.0000000001
2.960000,-0.8345679012,0.6965058064,0.4851265523,0.0028706173,0.0000106135,0.0000000002
2.970000,-0.8291516049,0.6874945596,0.4726547464,0.0045807407,0.0000304968,0.0000000016
2.980000,-0.8246459259,0.6800451777,0.4624730970,0.0014123457,0.0000022093,0.0000000000
2.990000,-0.8208800000,0.6738470980,0.4540783270,0.0024197530,0.0000070737,0.0000000001
3.000000,-0.8166153086,0.6668659494,0.4447245669,0.0025412346,0.0000089506,0.0000000001
