# Temp,E,E^2,E^4,M,M^2,M^4
1.500000,-1.9521866667,3.8110407202,14.5241526040,0.9867422342,0.9736609856,0.9480186335
1.510000,-1.9502933333,3.8036482513,14.4678034101,0.9862977743,0.9727837359,0.9463098947
1.520000,-1.9464977778,3.7888553825,14.3554521334,0.9850933313,0.9704090716,0.9416945430
1.530000,-1.9466044444,3.7892741100,14.3586776846,0.9850711107,0.9703656598,0.9416117110
1.540000,-1.9417688889,3.7704669855,14.2164298500,0.9838177681,0.9678974999,0.9368259537
1.550000,-1.9413688889,3.7689175767,14.2048062259,0.9836533308,0.9675742668,0.9362014774
1.560000,-1.9364088889,3.7496846941,14.0602149759,0.9819777727,0.9642810941,0.9298409148
1.570000,-1.9353244444,3.7454850039,14.0287222796,0.9819555521,0.9642371916,0.9297552335
1.580000,-1.9326400000,3.7351045649,13.9511138351,0.9807688832,0.9619086240,0.9252721374
1.590000,-1.9301511111,3.7254941369,13.8794681109,0.9803955555,0.9611765201,0.9238644396
1.600000,-1.9281688889,3.7178399032,13.8224025145,0.9797111034,0.9598343432,0.9212838739
1.610000,-1.9252533333,3.7066042718,13.7389726428,0.9788177729,0.9580847813,0.9179285511
1.620000,-1.9229511111,3.6977452618,13.6733833669,0.9780799985,0.9566411176,0.9151646538
1.630000,-1.9174311111,3.6765453886,13.5170349132,0.9760444522,0.9526630964,0.9075682098
1.640000,-1.9179822222,3.6786645780,13.5327021982,0.9763555408,0.9532708191,0.9087278357
1.650000,-1.9134666667,3.6613601142,13.4056373026,0.9749288917,0.9504871109,0.9034286606
1.660000,-1.9101422222,3.6486483868,13.3127091697,0.9738622308,0.9484081882,0.8994801541
1.670000,-1.9053866667,3.6305149353,13.1808796557,0.9724488854,0.9456587422,0.8942776758
1.680000,-1.9052177778,3.6298677590,13.1761284532,0.9724444509,0.9456493324,0.8942569053
1.690000,-1.9017422222,3.6166384356,13.0802903350,0.9714488983,0.9437146085,0.8906034863
1.700000,-1.8967200000,3.5975594947,12.9426175941,0.9694844365,0.9399020562,0.8834233274
1.710000,-1.8938400000,3.5866396369,12.8641231803,0.9686977744,0.9383759728,0.8805516998
1.720000,-1.8910044444,3.5759076298,12.7872557304,0.9677600026,0.9365604483,0.8771493149
1.730000,-1.8898222222,3.5714355970,12.7552602059,0.9675599933,0.9361732495,0.8764237550
1.740000,-1.8829066667,3.5453502716,12.5696894087,0.9650400043,0.9313042304,0.8673350894
1.750000,-1.8794488889,3.5323466801,12.4777353147,0.9635688901,0.9284675250,0.8620613042
1.760000,-1.8759466667,3.5191807479,12.3847014048,0.9629466653,0.9272663874,0.8598233507
1.770000,-1.8727200000,3.5070859706,12.2997330122,0.9615689039,0.9246157942,0.8549182025
1.780000,-1.8691822222,3.4938500847,12.2070988898,0.9601866722,0.9219591966,0.8500115309
1.790000,-1.8610666667,3.4636054297,11.9970657066,0.9573199868,0.9164669507,0.8399314609
1.800000,-1.8593688889,3.4572628689,11.9528075929,0.9569244385,0.9157051099,0.8385185193
1.810000,-1.8512000000,3.4269704004,11.7445228766,0.9541288853,0.9103673715,0.8287885514
1.820000,-1.8515644444,3.4282944122,11.7532508497,0.9539111137,0.9099473970,0.8280078455
1.830000,-1.8446222222,3.4026425560,11.5781315850,0.9511955619,0.9047755490,0.8186280470
1.840000,-1.8403555556,3.3869158771,11.4712981644,0.9493199944,0.9012110052,0.8121904734
1.850000,-1.8378488889,3.3776984296,11.4089805425,0.9494000077,0.9013626338,0.8124627451
1.860000,-1.8289600000,3.3451266007,11.1903001374,0.9450044513,0.8930411272,0.7975500613
1.870000,-1.8264000000,3.3358125321,11.1286506239,0.9449288845,0.8929013186,0.7973109280
1.880000,-1.8194666667,3.3104818686,10.9595948073,0.9422977805,0.8879290251,0.7884319044
1.890000,-1.8143555556,3.2919277618,10.8373362617,0.9393466592,0.8823803317,0.7786238447
1.900000,-1.8095733333,3.2745759759,10.7231142698,0.9385866523,0.8809471017,0.7760755441
1.910000,-1.8030933333,3.2511556061,10.5701435255,0.9360488892,0.8761893655,0.7677142645
1.920000,-1.7942844444,3.2194886309,10.3655188317,0.9328444362,0.8702001458,0.7572531804
1.930000,-1.7946844444,3.2209341985,10.3749587236,0.9321110964,0.8688422745,0.7549258776
1.940000,-1.7832177778,3.1798688853,10.1116073563,0.9270533204,0.8594292774,0.7386235578
1.950000,-1.7824266667,3.1770567992,10.0938420362,0.9276577950,0.8605523766,0.7405620606
1.960000,-1.7728000000,3.1428286317,9.8774823351,0.9231644392,0.8522332636,0.7263038585
1.970000,-1.7653866667,3.1166220666,9.7137311121,0.9185999990,0.8438318935,0.7120722853
1.980000,-1.7617422222,3.1037579812,9.6335903663,0.9198000073,0.8460375545,0.7157981407
1.990000,-1.7530844444,3.0733626461,9.4462691471,0.9146533370,0.8365977840,0.6999195010
2.000000,-1.7426400000,3.0368041019,9.2222996881,0.9101688743,0.8284111674,0.6862776124
2.010000,-1.7396088889,3.0262652373,9.1585971686,0.9082399845,0.8249061340,0.6804907760
2.020000,-1.7336355556,3.0055216893,9.0335152754,0.9062622070,0.8213145446,0.6745686254
2.030000,-1.7239111111,2.9718778588,8.8321572314,0.9022177815,0.8139996079,0.6626040894
2.040000,-1.7194222222,2.9564381847,8.7408272909,0.8994444489,0.8090060038,0.6545090810
2.050000,-1.7116266667,2.9296836259,8.5832542476,0.8956889033,0.8022725764,0.6436861624
2.060000,-1.7048000000,2.9063591174,8.4471100047,0.8923999906,0.7963837297,0.6342460956
2.070000,-1.6892355556,2.8535652721,8.1433889445,0.8833511114,0.7803295482,0.6089777277
2.080000,-1.6811733333,2.8264417138,7.9898777222,0.8792755485,0.7731411031,0.5977954312
2.090000,-1.6708000000,2.7916278665,7.7938052813,0.8730399966,0.7622119736,0.5810073320
2.100000,-1.6625155556,2.7639789183,7.6398110738,0.8732577801,0.7625863308,0.5815597633
2.110000,-1.6575200000,2.7474180602,7.5488066590,0.8679466605,0.7533493519,0.5675893881
2.120000,-1.6465866667,2.7112531251,7.3509528805,0.8627244473,0.7442956415,0.5539824563
2.130000,-1.6340977778,2.6702944419,7.1306741054,0.8486533403,0.7202295354,0.5187797202
2.140000,-1.6196622222,2.6233350392,6.8821941783,0.8457377672,0.7152885084,0.5116837798
2.150000,-1.6075466667,2.5842503518,6.6788055049,0.8293244481,0.6877898283,0.4730845391
2.160000,-1.5958133333,2.5466487289,6.4857094878,0.8205333352,0.6732988040,0.4533949409
2.170000,-1.5869600000,2.5185606420,6.3443390242,0.8195066690,0.6716747317,0.4513704107
2.180000,-1.5710044444,2.4680815431,6.0916887212,0.8093911171,0.6551250328,0.4292178838
2.190000,-1.5717511111,2.4704909693,6.1042093537,0.8088888884,0.6543795341,0.4284166423
2.200000,-1.5501955556,2.4031476792,5.7755163415,0.7855066657,0.6170647070,0.3808766875
2.210000,-1.5342844444,2.3540719111,5.5420606246,0.7692311049,0.5917480850,0.3502401058
2.220000,-1.5205066667,2.3119749574,5.3455452341,0.7541822195,0.5687980626,0.3235477322
2.230000,-1.5016444444,2.2549704016,5.0852015299,0.7393866658,0.5467388872,0.2990246872
2.240000,-1.4862488889,2.2090098074,4.8803779953,0.7253022194,0.5261247839,0.2769370944
2.250000,-1.4712000000,2.1644454866,4.6849628486,0.7042488933,0.4959879419,0.2460465056
2.260000,-1.4596266667,2.1305419228,4.5394804527,0.7002977729,0.4904635534,0.2406460619
2.270000,-1.4371822222,2.0655265300,4.2666783610,0.6670577645,0.4450431644,0.1981998058
2.280000,-1.4267733333,2.0357614017,4.1449699166,0.6360622287,0.4047388968,0.1640810481
2.290000,-1.4076266667,1.9814439024,3.9263663905,0.6037333369,0.3645204830,0.1329140651
2.300000,-1.3707911111,1.8790691619,3.5309076167,0.5470799923,0.2995565872,0.0900486167
2.310000,-1.3689777778,1.8741095838,3.5123575150,0.5371911168,0.2885994762,0.0833186625
2.320000,-1.3415377778,1.7997869665,3.2396892872,0.5025777757,0.2531275358,0.0646223254
2.330000,-1.3281955556,1.7641441667,3.1124919026,0.4733555555,0.2240952955,0.0502453872
2.340000,-1.3096800000,1.7154633778,2.9442084029,0.4408444405,0.1958494332,0.0394809098
2.350000,-1.2867822222,1.6558299358,2.7419150912,0.3694444478,0.1368989412,0.0189761947
2.360000,-1.2678933333,1.6076126736,2.5848001238,0.3084133327,0.0957085293,0.0093838727
2.370000,-1.2466044444,1.5540594540,2.4153290673,0.2161555529,0.0475438387,0.0024184824
2.380000,-1.2234933333,1.4970564326,2.2419010281,0.1570177764,0.0247466539,0.0006217021
2.390000,-1.2233422222,1.4966108089,2.2401119838,0.1343688920,0.0181569526,0.0003371414
2.400000,-1.2125244444,1.4702747113,2.1620572451,0.0681466676,0.0051045847,0.0000354249
2.410000,-1.1948266667,1.4276649323,2.0385367081,0.0608133335,0.0041701344,0.0000239089
2.420000,-1.1805511111,1.3937110898,1.9424872669,0.0612088896,0.0038010646,0.0000153179
2.430000,-1.1707200000,1.3706539204,1.8790721128,0.0252400002,0.0009984630,0.0000027882
2.440000,-1.1667022222,1.3612514291,1.8533183438,0.0118044444,0.0002020024,0.0000000738
2.450000,-1.1482577778,1.3185152573,1.7385846806,0.0106088886,0.0001669010,0.0000000810
2.460000,-1.1392000000,1.2977859002,1.6842962373,0.0225200000,0.0009034367,0.0000023252
2.470000,-1.1340711111,1.2862082809,1.6548001726,0.0161066670,0.0002727842,0.0000000894
2.480000,-1.1332088889,1.2842079123,1.6494254291,0.0201244449,0.0004626576,0.0000003193
2.490000,-1.1169866667,1.2477306829,1.5571919489,0.0315644443,0.0011381414,0.0000017995
2.500000,-1.1040800000,1.2190111127,1.4860779553,0.0146400004,0.0002637454,0.0000001057
2.510000,-1.1040177778,1.2189536079,1.4863272010,0.0357377779,0.0013486138,0.0000021872
2.520000,-1.0924711111,1.1935387840,1.4247519460,0.0085955554,0.0001096480,0.0000000250
2.530000,-1.0801777778,1.1668260188,1.3616787526,0.0112044445,0.0002435863,0.0000001552
2.540000,-1.0701600000,1.1452581400,1.3116881319,0.0323066663,0.0011085218,0.0000015367
2.550000,-1.0674222222,1.1394714607,1.2987619019,0.0206666669,0.0005146700,0.0000004513
2.560000,-1.0586311111,1.1207061057,1.2560102637,0.0102355557,0.0001295082,0.0000000288
2.570000,-1.0506666667,1.1039321703,1.2188060158,0.0076977778,0.0000808808,0.0000000172
2.580000,-1.0429155556,1.0877203824,1.1833424902,0.0219111115,0.0005106777,0.0000003360
2.590000,-1.0380977778,1.0776739990,1.1614977437,0.0166177777,0.0003415726,0.0000001888
2.600000,-1.0232622222,1.0471370181,1.0967948005,0.0203644447,0.0004479364,0.0000002645
2.610000,-1.0143111111,1.0288553513,1.0586597972,0.0089422222,0.0001745187,0.0000001217
2.620000,-1.0144000000,1.0290162758,1.0589112270,0.0206400001,0.0005887261,0.0000006109
2.630000,-1.0055288889,1.0112010524,1.0229842293,0.0262444447,0.0009494389,0.0000017430
2.640000,-1.0023111111,1.0046729284,1.0095512706,0.0129555557,0.0002567861,0.0000001449
2.650000,-0.9933155556,0.9866975921,0.9736579070,0.0221200002,0.0006128244,0.0000006489
2.660000,-0.9929777778,0.9860658149,0.9725664244,0.0093155553,0.0001539340,0.0000000538
2.670000,-0.9806933333,0.9618166084,0.9253116810,0.0074311112,0.0000789719,0.0000000104
2.680000,-0.9775288889,0.9555825770,0.9132137304,0.0145555554,0.0002262435,0.0000000678
2.690000,-0.9728355556,0.9464388812,0.8958595386,0.0071822223,0.0000670809,0.0000000085
2.700000,-0.9652355556,0.9317306023,0.8683116002,0.0110133333,0.0001420350,0.0000000270
2.710000,-0.9614844444,0.9245089545,0.8549253918,0.0154755555,0.0003173343,0.0000001800
2.720000,-0.9480888889,0.8988981065,0.8081096469,0.0143155554,0.0003354423,0.0000002497
2.730000,-0.9456533333,0.8943015585,0.7999220144,0.0261644447,0.0008103705,0.0000009883
2.740000,-0.9444977778,0.8921355812,0.7961183013,0.0132933330,0.0002923345,0.0000002537
2.750000,-0.9361511111,0.8764198080,0.7682553060,0.0072622224,0.0001273217,0.0000000691
2.760000,-0.9325511111,0.8696551396,0.7563124723,0.0054622222,0.0000418932,0.0000000033
2.770000,-0.9316800000,0.8680391735,0.7535321495,0.0164666668,0.0003036568,0.0000001257
2.780000,-0.9160977778,0.8392380227,0.7043301345,0.0124977781,0.0002049045,0.0000000635
2.790000,-0.9108888889,0.8298052516,0.6888635543,0.0056666667,0.0000506069,0.0000000066
2.800000,-0.9079022222,0.8243047186,0.6795387515,0.0085822220,0.0001090565,0.0000000249
2.810000,-0.9017600000,0.8132183957,0.6614783923,0.0121511112,0.0001858163,0.0000000574
2.820000,-0.8996711111,0.8094278507,0.6552377150,0.0167244442,0.0005022614,0.0000005893
2.830000,-0.8943555556,0.7998753150,0.6398115604,0.0069333333,0.0000699799,0.0000000102
2.840000,-0.8853066667,0.7838144581,0.6145120576,0.0149377777,0.0003232698,0.0000001723
2.850000,-0.8792711111,0.7731587121,0.5979021606,0.0124844445,0.0001700282,0.0000000393
2.860000,-0.8781244444,0.7711208924,0.5946839943,0.0119555556,0.0002322797,0.0000000945
2.870000,-0.8708177778,0.7583466394,0.5751596715,0.0180666664,0.0004462079,0.0000003622
2.880000,-0.8686222222,0.7545484018,0.5694752228,0.0097555554,0.0001112838,0.0000000185
2.890000,-0.8591288889,0.7381180200,0.5448642428,0.0112800000,0.0001607111,0.0000000416
2.900000,-0.8570577778,0.7345858485,0.5397268723,0.0073244445,0.0000637719,0.0000000056
2.910000,-0.8556088889,0.7320969956,0.5360555592,0.0094533332,0.0001547582,0.0000000565
2.920000,-0.8512444444,0.7246511111,0.5252178411,0.0137022222,0.0002602235,0.0000001316
2.930000,-0.8534488889,0.7283969647,0.5306262068,0.0130755557,0.0002742078,0.0000001525
2.940000,-0.8422933333,0.7094648518,0.5033596870,0.0092711112,0.0001243390,0.0000000324
2.950000,-0.8404533333,0.7063712201,0.4989867955,0.0107288890,0.0001863773,0.0000000735
2.960000,-0.8357066667,0.6984349697,0.4878936350,0.0105022224,0.0001562308,0.0000000613
2.970000,-0.8256800000,0.6817575731,0.4648210063,0.0088488889,0.0001186583,0.0000000294
2.980000,-0.8301422222,0.6891810335,0.4750945581,0.0064266668,0.0000433047,0.0000000021
2.990000,-0.8288711111,0.6870345979,0.4720365123,0.0113688886,0.0002572205,0.0000002599
3.000000,-0.8155377778,0.6651654574,0.4426140982,0.0126533331,0.0001683033,0.0000000334
