# Temp,E,E^2,E^4,M,M^2,M^4
1.500000,-1.9472000000,3.7915998080,14.3764103119,0.9852399945,0.9706987972,0.9422598411
1.510000,-1.9462400000,3.7879077120,14.3491161692,0.9848399878,0.9699182879,0.9407743588
1.520000,-1.9448000000,3.7823054720,14.3067176600,0.9848399997,0.9699161194,0.9407616774
1.530000,-1.9452800000,3.7841486720,14.3203026612,0.9847600102,0.9697555962,0.9404387992
1.540000,-1.9381600000,3.7565152960,14.1121746483,0.9826400042,0.9655868081,0.9323788276
1.550000,-1.9391200000,3.7602075200,14.1394786772,0.9826400042,0.9655834962,0.9323596733
1.560000,-1.9388000000,3.7589576000,14.1299450262,0.9832399964,0.9667624330,0.9346355633
1.570000,-1.9332800000,3.7376463360,13.9711161471,0.9811599970,0.9626825460,0.9267869624
1.580000,-1.9290400000,3.7212462400,13.8484310285,0.9802399993,0.9608742386,0.9232938301
1.590000,-1.9300000000,3.7249474240,13.8759391472,0.9799999952,0.9604038146,0.9223901701
1.600000,-1.9298400000,3.7243225280,13.8711759765,0.9805200100,0.9614228756,0.9243469816
1.610000,-1.9188800000,3.6821703040,13.5594075912,0.9761999965,0.9529726412,0.9081805379
1.620000,-1.9248000000,3.7048837120,13.7265888350,0.9782799959,0.9570351521,0.9159293196
1.630000,-1.9250400000,3.7058096320,13.7334774670,0.9790799975,0.9586014592,0.9189313631
1.640000,-1.9183200000,3.6802406080,13.5484080717,0.9771600008,0.9548633854,0.9118468635
1.650000,-1.9144000000,3.6649940480,13.4331616131,0.9755200028,0.9516477815,0.9056659118
1.660000,-1.9116000000,3.6542371520,13.3537795811,0.9741599917,0.9489899999,0.9005907946
1.670000,-1.9146400000,3.6658988480,13.4395872666,0.9759199858,0.9524248522,0.9071323087
1.680000,-1.9048000000,3.6285118720,13.1697195134,0.9719600081,0.9447417677,0.8926714875
1.690000,-1.9066400000,3.6355441600,13.2210844411,0.9727200031,0.9462098460,0.8954102934
1.700000,-1.9050400000,3.6292124480,13.1716916445,0.9727999926,0.9463424975,0.8955742426
1.710000,-1.8966400000,3.5972635520,12.9405969795,0.9684800029,0.9379578136,0.8797809777
1.720000,-1.8868800000,3.5603985280,12.6776157486,0.9657199860,0.9326276449,0.8698413009
1.730000,-1.8970400000,3.5988346560,12.9526772651,0.9702400088,0.9413735531,0.8862138653
1.740000,-1.8852800000,3.5543043200,12.6334140443,0.9659200072,0.9330051179,0.8705121832
1.750000,-1.8804000000,3.5359864000,12.5043670564,0.9633200049,0.9279990256,0.8612327472
1.760000,-1.8806400000,3.5368351360,12.5096031380,0.9642799973,0.9298396348,0.8646155827
1.770000,-1.8734400000,3.5098046720,12.3191102300,0.9613999963,0.9242982248,0.8543577053
1.780000,-1.8676000000,3.4879762880,12.1666271948,0.9595999956,0.9208446956,0.8480011943
1.790000,-1.8580000000,3.4522478400,11.9191705561,0.9565599918,0.9150155844,0.8372848780
1.800000,-1.8564000000,3.4464187200,11.8805125945,0.9553599954,0.9127395591,0.8331908358
1.810000,-1.8535200000,3.4355640640,11.8034806586,0.9558000207,0.9135603675,0.8346169776
1.820000,-1.8481600000,3.4157568000,11.6682342759,0.9526399970,0.9075372263,0.8236755268
1.830000,-1.8445600000,3.4025307840,11.5789746827,0.9498800039,0.9022842714,0.8141611100
1.840000,-1.8427200000,3.3956302720,11.5304856167,0.9521200061,0.9065394276,0.8218388708
1.850000,-1.8376800000,3.3770884160,11.4050051946,0.9498000145,0.9021250755,0.8138477543
1.860000,-1.8404800000,3.3874005120,11.4749407221,0.9495199919,0.9015900165,0.8128710545
1.870000,-1.8137600000,3.2898089600,10.8239457751,0.9396000147,0.8828826675,0.7796034748
1.880000,-1.8063200000,3.2629281600,10.6484756875,0.9360800028,0.8762948050,0.7680650010
1.890000,-1.8170400000,3.3017188800,10.9024626206,0.9418799877,0.8871640328,0.7871522182
1.900000,-1.8025600000,3.2496017280,10.5648405138,0.9343600035,0.8731048626,0.7625776509
1.910000,-1.8007200000,3.2430136640,10.5226450932,0.9355599999,0.8753550319,0.7665366925
1.920000,-1.8148000000,3.2935773120,10.8486830694,0.9394800067,0.8826466285,0.7791491849
1.930000,-1.7888000000,3.1998415360,10.2394470994,0.9307999849,0.8664046599,0.7507127976
1.940000,-1.7972800000,3.2303589760,10.4370874724,0.9342800021,0.8729043480,0.7620505254
1.950000,-1.7614400000,3.1029302400,9.6314036487,0.9195999980,0.8457050685,0.7153560383
1.960000,-1.7735200000,3.1454553280,9.8949178440,0.9235600114,0.8529738049,0.7276008884
1.970000,-1.7676000000,3.1245221440,9.7640386239,0.9184000134,0.8434955449,0.7116092692
1.980000,-1.7624000000,3.1061956480,9.6502124558,0.9160400033,0.8391650380,0.7043178067
1.990000,-1.7543200000,3.0779610560,9.4778365938,0.9157199979,0.8386175883,0.7035304582
2.000000,-1.7477600000,3.0547632320,9.3327845738,0.9120399952,0.8318257913,0.6919635645
2.010000,-1.7309600000,2.9964277440,8.9810358239,0.9083199978,0.8251016599,0.6809774875
2.020000,-1.7322400000,3.0009204800,9.0087126838,0.9059599996,0.8208614952,0.6741359784
2.030000,-1.7284800000,2.9880350720,8.9330325491,0.9028399944,0.8152012300,0.6648191258
2.040000,-1.7160000000,2.9449498240,8.6761718994,0.8943199992,0.7998634868,0.6399574869
2.050000,-1.7111200000,2.9280094400,8.5741501034,0.8990000129,0.8082484952,0.6534177201
2.060000,-1.6810400000,2.8260512960,7.9883320922,0.8808799863,0.7759948079,0.6023078322
2.070000,-1.6972000000,2.8807570880,8.3018667186,0.8893599987,0.7910185577,0.6258928636
2.080000,-1.6696000000,2.7879111680,7.7762969325,0.8619599938,0.7430651814,0.5524152007
2.090000,-1.6526400000,2.7313158400,7.4611491987,0.8489600062,0.7207575144,0.5195620365
2.100000,-1.6737600000,2.8020361600,7.8576963352,0.8722399950,0.7609951429,0.5797005932
2.110000,-1.6391200000,2.6870811840,7.2244021202,0.8575599909,0.7355484724,0.5414454294
2.120000,-1.6392000000,2.6872033280,7.2235017566,0.8506799936,0.7237553411,0.5241097970
2.130000,-1.6204000000,2.6258882880,6.8972855204,0.8513999939,0.7250357736,0.5261143478
2.140000,-1.6051200000,2.5770088320,6.6471759228,0.8344799876,0.6964462674,0.4852875581
2.150000,-1.6257600000,2.6435596160,6.9933105040,0.8493600011,0.7216540022,0.5214828992
2.160000,-1.5816800000,2.5022900160,6.2673165638,0.8051199913,0.6486982257,0.4220889627
2.170000,-1.5807200000,2.4994082240,6.2543460681,0.8101999998,0.6568133359,0.4324220285
2.180000,-1.5855200000,2.5140872000,6.3227806140,0.8091199994,0.6547733112,0.4289867159
2.190000,-1.5800800000,2.4967952960,6.2354037941,0.8268799901,0.6839066557,0.4682081510
2.200000,-1.5437600000,2.3832745920,5.6807585616,0.7930400014,0.6290966422,0.3962252438
2.210000,-1.5456800000,2.3892388800,5.7095374206,0.7954399943,0.6329002468,0.4010015906
2.220000,-1.5108800000,2.2831496960,5.2163180458,0.7656399965,0.5863898431,0.3442873973
2.230000,-1.4927200000,2.2289912640,4.9753550515,0.7461199999,0.5569862160,0.3108943411
2.240000,-1.4876800000,2.2133608320,4.9004596479,0.7297600031,0.5328039889,0.2844259912
2.250000,-1.4767200000,2.1808520640,4.7574190776,0.7123600006,0.5076600086,0.2581340370
2.260000,-1.4614400000,2.1360129920,4.5643086487,0.7006000042,0.4909172141,0.2411522631
2.270000,-1.4423200000,2.0808162240,4.3341714628,0.6729600072,0.4530010817,0.2054360721
2.280000,-1.4072000000,1.9806873600,3.9268762036,0.6003199935,0.3612275604,0.1316935064
2.290000,-1.3946400000,1.9453549760,3.7869985064,0.6364000082,0.4055061388,0.1652426267
2.300000,-1.4099200000,1.9881351680,3.9547767684,0.6575200081,0.4326820424,0.1878181828
2.310000,-1.4012800000,1.9639172480,3.8595324189,0.6365200043,0.4058050852,0.1657226287
2.320000,-1.3076800000,1.7101326080,2.9252739389,0.5042400062,0.2545705505,0.0651243254
2.330000,-1.3278400000,1.7638697600,3.1162520188,0.5057199955,0.2566462269,0.0668003202
2.340000,-1.3229600000,1.7505984960,3.0672550200,0.4611599982,0.2135862783,0.0464162909
2.350000,-1.2839200000,1.6486117440,2.7189848370,0.3935600042,0.1554993235,0.0245823586
2.360000,-1.2486400000,1.5591822080,2.4315537388,0.2655600011,0.0711915125,0.0052490112
2.370000,-1.2470400000,1.5556914560,2.4238440580,0.2540000051,0.0658372831,0.0046693241
2.380000,-1.2544000000,1.5745944960,2.4859273315,0.2587200016,0.0672614889,0.0046122140
2.390000,-1.2551200000,1.5756610240,2.4848159921,0.3042400062,0.0941022600,0.0094137026
2.400000,-1.1965600000,1.4331297600,2.0616109497,0.1564799964,0.0285170547,0.0011782116
2.410000,-1.1897600000,1.4159445120,2.0072403545,0.0416800003,0.0024545121,0.0000137580
2.420000,-1.1836000000,1.4016619200,1.9688964319,0.0575599998,0.0036789680,0.0000181463
2.430000,-1.1577600000,1.3412744960,1.8035865923,0.0272000007,0.0008397120,0.0000009681
2.440000,-1.1715200000,1.3726304000,1.8850565176,0.0655199997,0.0046301599,0.0000296822
2.450000,-1.1660000000,1.3596342080,1.8490263156,0.0371599995,0.0023193520,0.0000122969
2.460000,-1.1388800000,1.2977740160,1.6879538966,0.0274800003,0.0010599760,0.0000021111
2.470000,-1.1444000000,1.3097397440,1.7158795437,0.0654399998,0.0055410400,0.0000549876
2.480000,-1.1193600000,1.2533055360,1.5724713568,0.0318400003,0.0012779040,0.0000026632
2.490000,-1.1117600000,1.2360979520,1.5283668481,0.0613200006,0.0058811762,0.0000819041
2.500000,-1.1118400000,1.2372125440,1.5357992099,0.1216800004,0.0159896482,0.0003365128
2.510000,-1.1026400000,1.2161514560,1.4806616659,0.0894400012,0.0106630723,0.0001985759
2.520000,-1.0836800000,1.1752386560,1.3852274930,0.0533999998,0.0035959600,0.0000244306
2.530000,-1.0802400000,1.1670765760,1.3628021850,0.0655199990,0.0051893918,0.0000387099
2.540000,-1.0573600000,1.1186558400,1.2542905915,0.0419199994,0.0032706879,0.0000341200
2.550000,-1.0526400000,1.1084465920,1.2303898428,0.0312399998,0.0011484720,0.0000022806
2.560000,-1.0834400000,1.1742868160,1.3810737626,0.0632800002,0.0044124480,0.0000243293
2.570000,-1.0462400000,1.0946920320,1.1986736239,0.0617599994,0.0069849598,0.0001175606
2.580000,-1.0469600000,1.0962144960,1.2020755703,0.1188800022,0.0145574246,0.0002374143
2.590000,-1.0232000000,1.0473930240,1.0989497880,0.0738399990,0.0076471197,0.0001128028
2.600000,-1.0152000000,1.0307108480,1.0626939601,0.0413600009,0.0020518881,0.0000071950
2.610000,-1.0331200000,1.0677688320,1.1419703581,0.0472400008,0.0043009042,0.0000655726
2.620000,-0.9968800000,0.9939450560,0.9886276689,0.0294799997,0.0011931920,0.0000026946
2.630000,-1.0084000000,1.0172463040,1.0362869767,0.0414400002,0.0023941280,0.0000101601
2.640000,-1.0162400000,1.0334490560,1.0709567382,0.0185200002,0.0004088240,0.0000002593
2.650000,-0.9804800000,0.9619236480,0.9275547916,0.0311999995,0.0018547679,0.0000130024
2.660000,-0.9848800000,0.9700355520,0.9411512837,0.0461600006,0.0021934561,0.0000053680
2.670000,-0.9858400000,0.9721069760,0.9458840331,0.0464800008,0.0028743841,0.0000168528
2.680000,-0.9844000000,0.9691389120,0.9395974662,0.0411600005,0.0019413040,0.0000052111
2.690000,-0.9612800000,0.9243708800,0.8556282447,0.0399600004,0.0020309041,0.0000065179
2.700000,-0.9660800000,0.9337692800,0.8736597337,0.0777600000,0.0074570560,0.0000782423
2.710000,-0.9640000000,0.9295902080,0.8652460833,0.0529200010,0.0038163602,0.0000251915
2.720000,-0.9518400000,0.9061066880,0.8214149910,0.0383600003,0.0020944881,0.0000079089
2.730000,-0.9271200000,0.8596016960,0.7390875064,0.0332399992,0.0018004079,0.0000085230
2.740000,-0.9350400000,0.8744233600,0.7650459685,0.0258000003,0.0008499760,0.0000012085
2.750000,-0.9350400000,0.8749747840,0.7679646221,0.0606399998,0.0040061600,0.0000204966
2.760000,-0.9338400000,0.8721951680,0.7612060226,0.0127600003,0.0003692880,0.0000004599
2.770000,-0.9152000000,0.8376539520,0.7018748701,0.0314399999,0.0010664000,0.0000014997
2.780000,-0.9240000000,0.8544454400,0.7323894696,0.0371599996,0.0018841840,0.0000061586
2.790000,-0.9179200000,0.8429830400,0.7119964521,0.0549199996,0.0043375919,0.0000394428
2.800000,-0.8920800000,0.7961092800,0.6347410686,0.0418400005,0.0020832800,0.0000070184
2.810000,-0.9125600000,0.8331476160,0.6954073551,0.0241199999,0.0010270480,0.0000034868
2.820000,-0.8899200000,0.7920207360,0.6274954301,0.0304400000,0.0013777520,0.0000047493
2.830000,-0.8910400000,0.7941877120,0.6314665405,0.0274400000,0.0010591040,0.0000022845
2.840000,-0.8760800000,0.7675613760,0.5892889942,0.0423200000,0.0020180000,0.0000062662
2.850000,-0.8932800000,0.7980258560,0.6370899641,0.0632800002,0.0059674240,0.0000753377
2.860000,-0.8762400000,0.7681122240,0.5909526625,0.0540799987,0.0041846878,0.0000473735
2.870000,-0.8862400000,0.7854956160,0.6172370609,0.0447199995,0.0029364959,0.0000162383
2.880000,-0.8713600000,0.7595479040,0.5777688253,0.0197199997,0.0005109040,0.0000004243
2.890000,-0.8607200000,0.7411622720,0.5502762764,0.0161599997,0.0005629440,0.0000011733
2.900000,-0.8608000000,0.7413548160,0.5507311831,0.0245200002,0.0009573360,0.0000018477
2.910000,-0.8540000000,0.7298046400,0.5340676131,0.0304800004,0.0010768480,0.0000014565
2.920000,-0.8468000000,0.7172158400,0.5148119989,0.0223199996,0.0005793760,0.0000004727
2.930000,-0.8428000000,0.7108104640,0.5066719365,0.0200799997,0.0006818080,0.0000013934
2.940000,-0.8518400000,0.7258597760,0.5275384873,0.0092800001,0.0000983360,0.0000000146
2.950000,-0.8438400000,0.7122874880,0.5079824933,0.0236400005,0.0009999121,0.0000035710
2.960000,-0.8409600000,0.7074805120,0.5013029556,0.0133600001,0.0002087360,0.0000000706
2.970000,-0.8222400000,0.6765028480,0.4587912443,0.0179199997,0.0003360640,0.0000001323
2.980000,-0.8172800000,0.6679763840,0.4462723733,0.0400000006,0.0019632801,0.0000067451
2.990000,-0.8186400000,0.6705746240,0.4507418928,0.0329200000,0.0011168240,0.0000013834
3.000000,-0.8125600000,0.6606354240,0.4374403796,0.0164000002,0.0003894720,0.0000003486
