# Temp,E,E^2,E^4,M,M^2,M^4
1.500000,-1.9504123264,3.8041115343,14.4713146243,0.9862386107,0.9726669587,0.9460824180
1.510000,-1.9488715278,3.7981023603,14.4256138662,0.9859103680,0.9720193898,0.9448222235
1.520000,-1.9456488715,3.7855510629,14.3304200348,0.9849880695,0.9702016294,0.9412917148
1.530000,-1.9469618056,3.7906605356,14.3691112872,0.9853759646,0.9709658368,0.9427748316
1.540000,-1.9425726997,3.7735944841,14.2401026477,0.9839572430,0.9681723690,0.9373597210
1.550000,-1.9396430122,3.7622202427,14.1543797323,0.9832112670,0.9667048513,0.9345200306
1.560000,-1.9384060330,3.7574231270,14.1183064419,0.9827229738,0.9657449743,0.9326654073
1.570000,-1.9345431858,3.7424581120,14.0060043130,0.9814643025,0.9632722777,0.9278938685
1.580000,-1.9338812934,3.7399018804,13.9869411536,0.9813503623,0.9630489443,0.9274648506
1.590000,-1.9321940104,3.7333792595,13.9382037640,0.9807752848,0.9619204941,0.9252923258
1.600000,-1.9286241319,3.7195976154,13.8355041748,0.9797661781,0.9599423380,0.9214914961
1.610000,-1.9268554688,3.7127828466,13.7849175182,0.9792914391,0.9590127803,0.9197095690
1.620000,-1.9225368924,3.6961516280,13.6615889990,0.9778890133,0.9562673091,0.9144486464
1.630000,-1.9220920139,3.6944393491,13.6489063251,0.9777859330,0.9560656342,0.9140626570
1.640000,-1.9171223958,3.6753600383,13.5082972579,0.9762668133,0.9530970710,0.9083947139
1.650000,-1.9138400608,3.6627865463,13.4160458397,0.9749620318,0.9505514850,0.9035501086
1.660000,-1.9096950955,3.6469386202,13.3002089170,0.9738091230,0.9483045511,0.8992828229
1.670000,-1.9082031250,3.6412422854,13.2586907947,0.9734402180,0.9475862987,0.8979214641
1.680000,-1.9035210503,3.6233941880,13.1290115044,0.9718424559,0.9444779194,0.8920391459
1.690000,-1.9025878906,3.6198443591,13.1033264436,0.9717339396,0.9442674841,0.8916434792
1.700000,-1.8984917535,3.6042783502,12.9909294356,0.9704128623,0.9417018819,0.8868052944
1.710000,-1.8959201389,3.5945154832,12.9205747509,0.9693983078,0.9397334406,0.8831002980
1.720000,-1.8907931858,3.5751037873,12.7814373956,0.9677273154,0.9364964753,0.8770268407
1.730000,-1.8879991319,3.5645455867,12.7060545956,0.9666693687,0.9344504806,0.8732007357
1.740000,-1.8838216146,3.5487880851,12.5939566268,0.9653537393,0.9319082630,0.8684545805
1.750000,-1.8818250868,3.5412740575,12.5407408896,0.9644042969,0.9300766988,0.8650465759
1.760000,-1.8754286024,3.5172412223,12.3711094201,0.9623779297,0.9261723193,0.8577990188
1.770000,-1.8715657552,3.5027603442,12.2693575996,0.9612657428,0.9240319127,0.8538352881
1.780000,-1.8707465278,3.4996967224,12.2479352909,0.9611680865,0.9238450335,0.8534931342
1.790000,-1.8637586806,3.4736045717,12.0660419170,0.9580295205,0.9178216013,0.8424003064
1.800000,-1.8598361545,3.4589967238,11.9647440632,0.9572618365,0.9163507094,0.8397004027
1.810000,-1.8541775174,3.4379886283,11.8199630282,0.9550564170,0.9121347133,0.8319968558
1.820000,-1.8497124566,3.4214404090,11.7063124714,0.9535128951,0.9091872841,0.8266231279
1.830000,-1.8442925347,3.4014351759,11.5700360023,0.9515841961,0.9055151446,0.8199673117
1.840000,-1.8392632378,3.3828952335,11.4440609828,0.9494873047,0.9015266835,0.8127523134
1.850000,-1.8367296007,3.3735820794,11.3811431032,0.9491373539,0.9008628326,0.8115578637
1.860000,-1.8282280816,3.3424209667,11.1718186263,0.9455485106,0.8940622852,0.7993484402
1.870000,-1.8242892795,3.3280441171,11.0760474170,0.9436496139,0.8904784285,0.7929655065
1.880000,-1.8210286458,3.3161568962,10.9970499391,0.9424072266,0.8881321356,0.7887813733
1.890000,-1.8125379774,3.2853074738,10.7934234128,0.9393880129,0.8824519715,0.7787290055
1.900000,-1.8089518229,3.2723147943,10.7081501381,0.9375162840,0.8789381709,0.7725371887
1.910000,-1.8052083333,3.2587887249,10.6198551598,0.9364529133,0.8769455313,0.7690386344
1.920000,-1.7978190104,3.2321845349,10.4474222080,0.9329074264,0.8703221167,0.7574809472
1.930000,-1.7915093316,3.2095172510,10.3011494080,0.9309109211,0.8665976704,0.7510002774
1.940000,-1.7865722656,3.1918583309,10.1881879765,0.9291341066,0.8632933887,0.7452865291
1.950000,-1.7792046441,3.1656148385,10.0216937167,0.9261637449,0.8577873743,0.7358268644
1.960000,-1.7718315972,3.1394362405,9.8566774281,0.9229492307,0.8518442637,0.7256692986
1.970000,-1.7685112847,3.1276442130,9.7823092245,0.9223822832,0.8507907380,0.7238505391
1.980000,-1.7601671007,3.0981905875,9.5988142034,0.9182264447,0.8431403470,0.7108874761
1.990000,-1.7520453559,3.0696701434,9.4229633462,0.9145616174,0.8364245076,0.6996111701
2.000000,-1.7469672309,3.0519000552,9.3141616065,0.9126030803,0.8328450578,0.6936331399
2.010000,-1.7361165365,3.0141276670,9.0852919185,0.9057834268,0.8204493836,0.6731561382
2.020000,-1.7300509983,2.9930809788,8.9585878950,0.9029893637,0.8153918810,0.6648707324
2.030000,-1.7220377604,2.9654271311,8.7939132503,0.9003580689,0.8106470281,0.6571563018
2.040000,-1.7153103299,2.9422964555,8.6571899230,0.8960286617,0.8028676636,0.6445974521
2.050000,-1.7113064236,2.9285751999,8.5766175346,0.8965223551,0.8037530066,0.6460210612
2.060000,-1.7008734809,2.8929966366,8.3697304954,0.8916748166,0.7950906092,0.6321901273
2.070000,-1.6892361111,2.8535303893,8.1427700662,0.8841905355,0.7817983950,0.6112259324
2.080000,-1.6825466580,2.8309749340,8.0145511389,0.8817111611,0.7774170303,0.6043848793
2.090000,-1.6658962674,2.7752149979,7.7018696934,0.8676974654,0.7529024565,0.5668728446
2.100000,-1.6654025608,2.7735735777,7.6927978990,0.8713297486,0.7592211053,0.5764336085
2.110000,-1.6529025608,2.7320903064,7.4643549913,0.8628417969,0.7444992055,0.5542887166
2.120000,-1.6437934028,2.7020708249,7.3013387214,0.8597846150,0.7392335630,0.5464780152
2.130000,-1.6310167101,2.6602182616,7.0767905178,0.8526204348,0.7269656198,0.5284906958
2.140000,-1.6192003038,2.6218263972,6.8741495085,0.8400119424,0.7056243761,0.4979179081
2.150000,-1.6080729167,2.5859002043,6.6868974325,0.8331543088,0.6941488809,0.4818503825
2.160000,-1.5969672309,2.5503058347,6.5040751291,0.8255560994,0.6815493670,0.4645272004
2.170000,-1.5872775608,2.5194633647,6.3478297743,0.8228162885,0.6770300382,0.4583788795
2.180000,-1.5816080729,2.5015100723,6.2578119136,0.8209472775,0.6739699943,0.4542773322
2.190000,-1.5593207465,2.4314892401,5.9122182954,0.8049370766,0.6479251220,0.4198106620
2.200000,-1.5560167101,2.4212750051,5.8634139206,0.7968939900,0.6350678032,0.4033815598
2.210000,-1.5368055556,2.3617882628,5.5782041209,0.7821940064,0.6118443876,0.3743950437
2.220000,-1.5236816406,2.3216262545,5.3901387502,0.7724012733,0.5966342678,0.3560448187
2.230000,-1.5027398003,2.2582808452,5.1003197029,0.7551703572,0.5703143536,0.3253315071
2.240000,-1.4942871094,2.2329337660,4.9863498609,0.7431233644,0.5523144025,0.3052329372
2.250000,-1.4690158420,2.1580287461,4.6572708835,0.7130316734,0.5085085945,0.2587718980
2.260000,-1.4592936198,2.1295715619,4.5353618488,0.6948811889,0.4828868814,0.2332313691
2.270000,-1.4393446181,2.0717296874,4.2922025924,0.6690701008,0.4476802839,0.2004633719
2.280000,-1.4231825087,2.0255055815,4.1031361182,0.6564561605,0.4311145825,0.1861684874
2.290000,-1.4045355903,1.9728239419,3.8928503774,0.6186984539,0.3830041954,0.1470179746
2.300000,-1.3811360677,1.9076078116,3.6395115405,0.5738823771,0.3294773717,0.1087343596
2.310000,-1.3599717882,1.8496538324,3.4221786769,0.5193413556,0.2704443356,0.0739229539
2.320000,-1.3281846788,1.7641079092,3.1123125718,0.4496609151,0.2023231249,0.0410403807
2.330000,-1.3178602431,1.7367881054,3.0166591755,0.4216145873,0.1779196719,0.0317736817
2.340000,-1.3028211806,1.6973702587,2.8812509646,0.3916802287,0.1534703264,0.0235886454
2.350000,-1.2834960938,1.6474176845,2.7143517669,0.3496934652,0.1226297349,0.0152080107
2.360000,-1.2618435330,1.5922723474,2.5354796293,0.2765543640,0.0766825724,0.0059433779
2.370000,-1.2474934896,1.5562400309,2.4218831850,0.2441026479,0.0597730721,0.0036147300
2.380000,-1.2350314670,1.5253293442,2.3267917182,0.1741699219,0.0306450652,0.0009755422
2.390000,-1.2207682292,1.4902932111,2.2210822267,0.1150119364,0.0133007089,0.0001810018
2.400000,-1.2123318142,1.4697576462,2.1602416497,0.0762776688,0.0058848227,0.0000363413
2.410000,-1.2023491753,1.4456664031,2.0900836891,0.0668429900,0.0049272635,0.0000305562
2.420000,-1.1848470052,1.4038794834,1.9709734391,0.0297634553,0.0010484500,0.0000017363
2.430000,-1.1691514757,1.3669339259,1.8686106809,0.0463216141,0.0021953270,0.0000052796
2.440000,-1.1625054253,1.3514472389,1.8265638499,0.0207248261,0.0005570431,0.0000005703
2.450000,-1.1507595486,1.3242685203,1.7537980850,0.0330186632,0.0011199692,0.0000013722
2.460000,-1.1456705729,1.3126019169,1.7231386860,0.0172553169,0.0003609711,0.0000002092
2.470000,-1.1435926649,1.3078352094,1.7105947925,0.0114610460,0.0001747216,0.0000000531
2.480000,-1.1187500000,1.2516311554,1.5667297234,0.0326850042,0.0011342003,0.0000015451
2.490000,-1.1100206163,1.2321539439,1.5182437587,0.0275390629,0.0008100683,0.0000008167
2.500000,-1.1064453125,1.2242474371,1.4989100063,0.0122205947,0.0001684029,0.0000000430
2.510000,-1.1001844618,1.2104283580,1.4652457659,0.0084445530,0.0000970421,0.0000000159
2.520000,-1.0850585937,1.1773647806,1.3862472921,0.0186740451,0.0004476794,0.0000004425
2.530000,-1.0841579861,1.1754468679,1.3819032950,0.0074951172,0.0001293671,0.0000000693
2.540000,-1.0733127170,1.1520049606,1.3271374318,0.0156005862,0.0003506747,0.0000002445
2.550000,-1.0654134115,1.1351109115,1.2885002951,0.0103108725,0.0001695212,0.0000000573
2.560000,-1.0578830295,1.1191232362,1.2524669982,0.0093532986,0.0001045866,0.0000000177
2.570000,-1.0463867188,1.0949656890,1.1991270621,0.0146782770,0.0002597648,0.0000000979
2.580000,-1.0380913628,1.0776505651,1.1614035539,0.0188232424,0.0005483943,0.0000005948
2.590000,-1.0381130642,1.0777208854,1.1616633128,0.0104465061,0.0001353381,0.0000000287
2.600000,-1.0293185764,1.0595316033,1.1227554579,0.0094238281,0.0001191017,0.0000000285
2.610000,-1.0210449219,1.0425502929,1.0869844325,0.0107584636,0.0001407581,0.0000000267
2.620000,-1.0166937934,1.0337057233,1.0687093223,0.0158827040,0.0002779511,0.0000000970
2.630000,-1.0077311198,1.0155238721,1.0312962943,0.0063476561,0.0001255241,0.0000000751
2.640000,-1.0010308160,1.0021028931,1.0043723072,0.0081542970,0.0001200229,0.0000000336
2.650000,-0.9946994358,0.9894550116,0.9791319946,0.0099880643,0.0001895377,0.0000001294
2.660000,-0.9875922309,0.9753593967,0.9514079104,0.0094211156,0.0001418665,0.0000000619
2.670000,-0.9804036458,0.9612098732,0.9239956883,0.0055202908,0.0000493217,0.0000000061
2.680000,-0.9749945747,0.9506296969,0.9037550029,0.0145209416,0.0003313149,0.0000002396
2.690000,-0.9694661458,0.9399011736,0.8835514158,0.0062988281,0.0000579512,0.0000000066
2.700000,-0.9628363715,0.9270794333,0.8595711342,0.0034613715,0.0000268863,0.0000000024
2.710000,-0.9607530382,0.9230563635,0.8520698573,0.0068684897,0.0000560984,0.0000000048
2.720000,-0.9559733073,0.9138999867,0.8352681459,0.0134928386,0.0002727708,0.0000001699
2.730000,-0.9516493056,0.9056556028,0.8202817787,0.0075358073,0.0001187422,0.0000000552
2.740000,-0.9446072049,0.8923100445,0.7963147413,0.0145019531,0.0002797626,0.0000001448
2.750000,-0.9342339410,0.8728034567,0.7618222405,0.0175808376,0.0003227855,0.0000001259
2.760000,-0.9269585503,0.8593045731,0.7385839837,0.0031738281,0.0000178747,0.0000000008
2.770000,-0.9218587240,0.8498284421,0.7222251335,0.0036756728,0.0000234322,0.0000000017
2.780000,-0.9188910590,0.8443764272,0.7130242392,0.0133138020,0.0002879144,0.0000001934
2.790000,-0.9125759549,0.8328019816,0.6935828820,0.0048909504,0.0000332552,0.0000000027
2.800000,-0.9089898003,0.8262709869,0.6827519206,0.0120469837,0.0001826960,0.0000000593
2.810000,-0.9035915799,0.8164843824,0.6666683562,0.0032416450,0.0000162875,0.0000000006
2.820000,-0.8979763455,0.8063965107,0.6503872442,0.0127034506,0.0002233180,0.0000001146
2.830000,-0.8883138021,0.7891498895,0.6229113853,0.0059787326,0.0000482831,0.0000000048
2.840000,-0.8878689236,0.7883454155,0.6215962600,0.0048800997,0.0000367163,0.0000000027
2.850000,-0.8822157118,0.7783238440,0.6058480998,0.0103461373,0.0001473769,0.0000000542
2.860000,-0.8839301215,0.7813516682,0.6105703326,0.0069742841,0.0000815371,0.0000000200
2.870000,-0.8718532986,0.7601357071,0.5778291323,0.0081841362,0.0000864255,0.0000000118
2.880000,-0.8735188802,0.7630358450,0.5822255662,0.0060818141,0.0000526940,0.0000000046
2.890000,-0.8639105903,0.7463920664,0.5572526003,0.0043077257,0.0000199265,0.0000000005
2.900000,-0.8704861111,0.7577759030,0.5743145708,0.0101833766,0.0001689658,0.0000000635
2.910000,-0.8578993056,0.7360218704,0.5418188076,0.0071207684,0.0000542286,0.0000000036
2.920000,-0.8528157552,0.7273035130,0.5289960025,0.0080674913,0.0000734153,0.0000000076
2.930000,-0.8446234809,0.7134111815,0.5090191610,0.0090955948,0.0001008595,0.0000000161
2.940000,-0.8475151910,0.7182872428,0.5159516565,0.0077935112,0.0001076938,0.0000000344
2.950000,-0.8355034722,0.6980691539,0.4873092061,0.0071506076,0.0000619008,0.0000000059
2.960000,-0.8334906684,0.6947179148,0.4826641845,0.0045030382,0.0000256594,0.0000000012
2.970000,-0.8328993056,0.6937344433,0.4813042931,0.0131510417,0.0002579349,0.0000001624
2.980000,-0.8232855903,0.6778099004,0.4594553441,0.0096001519,0.0000992101,0.0000000129
2.990000,-0.8246907552,0.6801223992,0.4625870540,0.0069254557,0.0000671720,0.0000000104
3.000000,-0.8167588976,0.6671407663,0.4451983070,0.0047227648,0.0000316742,0.0000000021
