# Temp,E,E^2,E^4,M,M^2,M^4
1.500000,-1.9507023960,3.8052398416,14.4798503074,0.9863683939,0.9729226088,0.9465784042
1.510000,-1.9486404002,3.7971994122,14.4187234224,0.9857600451,0.9717228669,0.9442453317
1.520000,-1.9465789080,3.7891694475,14.3578051416,0.9851531029,0.9705266363,0.9419219527
1.530000,-1.9444440842,3.7808628192,14.2949240023,0.9845179200,0.9692755366,0.9394950729
1.540000,-1.9422602803,3.7723750022,14.2308132475,0.9838590980,0.9679787251,0.9369828141
1.550000,-1.9400032461,3.7636126038,14.1647799676,0.9831876278,0.9666579124,0.9344275234
1.560000,-1.9377272516,3.7547869032,14.0984247098,0.9825027466,0.9653116472,0.9318265766
1.570000,-1.9352899402,3.7453471604,14.0276254662,0.9817701459,0.9638726201,0.9290504308
1.580000,-1.9328357309,3.7358539732,13.9566050655,0.9810184240,0.9623971496,0.9262082786
1.590000,-1.9303612232,3.7262944597,13.8852705129,0.9802620292,0.9609136465,0.9233550388
1.600000,-1.9277499139,3.7162197352,13.8102891879,0.9794628143,0.9593474051,0.9203474453
1.610000,-1.9249996185,3.7056235378,13.7316459003,0.9786123872,0.9576822051,0.9171552090
1.620000,-1.9222861052,3.6951838852,13.6543841680,0.9777658701,0.9560260979,0.9139859044
1.630000,-1.9195332021,3.6846077204,13.5763341517,0.9769052863,0.9543439392,0.9107723575
1.640000,-1.9166189194,3.6734280832,13.4940738976,0.9759920597,0.9525605006,0.9073715074
1.650000,-1.9136874229,3.6621995566,13.4117056540,0.9750666022,0.9507548791,0.9039348412
1.660000,-1.9107052118,3.6507944140,13.3282999656,0.9741209865,0.9489116970,0.9004334114
1.670000,-1.9075752795,3.6388434698,13.2411821316,0.9731219172,0.9469662684,0.8967451234
1.680000,-1.9042692333,3.6262413260,13.1496263415,0.9720370293,0.9448559878,0.8927528435
1.690000,-1.9010387152,3.6139482139,13.0606219392,0.9709922075,0.9428258694,0.8889206290
1.700000,-1.8976584196,3.6011074848,12.9679752218,0.9698874950,0.9406817539,0.8848821654
1.710000,-1.8942250699,3.5880886537,12.8743807381,0.9687663674,0.9385082806,0.8807978152
1.720000,-1.8907248050,3.5748403307,12.7794839970,0.9676189303,0.9362863983,0.8766322342
1.730000,-1.8868778944,3.5603081939,12.6757945151,0.9663380504,0.9338092285,0.8719996786
1.740000,-1.8831720710,3.5463370568,12.5765066325,0.9650900006,0.9313987103,0.8675035610
1.750000,-1.8795017511,3.5325268353,12.4787458860,0.9638401270,0.9289877906,0.8630183160
1.760000,-1.8756565154,3.5180873802,12.3769390481,0.9625333548,0.9264704631,0.8583475343
1.770000,-1.8715458304,3.5026838121,12.2687941238,0.9611112475,0.9237348332,0.8532860532
1.780000,-1.8672291070,3.4865445674,12.1559934285,0.9596166015,0.9208640253,0.8479905660
1.790000,-1.8630987227,3.4711369105,12.0487922853,0.9581928611,0.9181335650,0.8429692650
1.800000,-1.8588640124,3.4553754333,11.9396196173,0.9566876173,0.9152511999,0.8376847692
1.810000,-1.8543435156,3.4385898905,11.8239006625,0.9550632954,0.9121458992,0.8320101454
1.820000,-1.8498231083,3.4218455854,11.7090279397,0.9534719110,0.9091086936,0.8264786483
1.830000,-1.8451654553,3.4046355673,11.5915434781,0.9517821550,0.9058892723,0.8206353796
1.840000,-1.8402390569,3.3864798255,11.4682461334,0.9499857068,0.9024728516,0.8144572786
1.850000,-1.8354098082,3.3687291735,11.3483363736,0.9481871486,0.8990588724,0.8083068693
1.860000,-1.8303018630,3.3500049268,11.2225332400,0.9462662339,0.8954197881,0.8017766062
1.870000,-1.8252537817,3.3315513752,11.0992346689,0.9443728685,0.8918401192,0.7953788140
1.880000,-1.8199149817,3.3120905683,10.9699442977,0.9423283100,0.8879826486,0.7885132011
1.890000,-1.8143952578,3.2920301705,10.8374628916,0.9402278662,0.8840284453,0.7815063099
1.900000,-1.8089130938,3.2721665878,10.7070742678,0.9380292296,0.8798988370,0.7742219682
1.910000,-1.8034101784,3.2522883154,10.5773798562,0.9358907223,0.8758914552,0.7671858805
1.920000,-1.7973882735,3.2306046553,10.4368070798,0.9334824085,0.8713894135,0.7593195324
1.930000,-1.7914726645,3.2093743491,10.3000842469,0.9310653090,0.8668826243,0.7514855349
1.940000,-1.7851792127,3.1868648460,10.1561078606,0.9284903884,0.8620944077,0.7432067897
1.950000,-1.7789573848,3.1646893891,10.0152590823,0.9258989096,0.8572887947,0.7349440913
1.960000,-1.7726798534,3.1423939057,9.8746399979,0.9232705593,0.8524285423,0.7266344762
1.970000,-1.7660275787,3.1188534179,9.7272467569,0.9203952312,0.8471273845,0.7176248151
1.980000,-1.7590746522,3.0943436358,9.5749625828,0.9173492193,0.8415295933,0.7081720670
1.990000,-1.7522137135,3.0702529852,9.4264544659,0.9143025994,0.8359492783,0.6988113127
2.000000,-1.7448093534,3.0443597496,9.2681271382,0.9109701753,0.8298667120,0.6886789317
2.010000,-1.7378751695,3.0202101834,9.1216705014,0.9078150511,0.8241282010,0.6791874039
2.020000,-1.7300432324,2.9930496068,8.9583461960,0.9041463852,0.8174807074,0.6682747775
2.030000,-1.7224664867,2.9668908590,8.8024420966,0.9004703045,0.8108468133,0.6574726973
2.040000,-1.7145776242,2.9397765454,8.6422875011,0.8966785431,0.8040324863,0.6464684859
2.050000,-1.7062333465,2.9112323125,8.4752745087,0.8925405264,0.7966286171,0.6346172358
2.060000,-1.6979092181,2.8828957768,8.3110887981,0.8883472323,0.7891608353,0.6227749190
2.070000,-1.6891954780,2.8533815229,8.1417879431,0.8838533998,0.7811969258,0.6102689291
2.080000,-1.6803761035,2.8236640424,7.9730808067,0.8790486455,0.7727267464,0.5971073214
2.090000,-1.6711763054,2.7928302998,7.7999017100,0.8740182519,0.7639079944,0.5835556982
2.100000,-1.6618093222,2.7616102449,7.6264913821,0.8687646389,0.7547520568,0.5696508452
2.110000,-1.6520879328,2.7293946642,7.4495966123,0.8631283402,0.7449906587,0.5550114599
2.120000,-1.6421436310,2.6966359300,7.2718477692,0.8572636724,0.7349013234,0.5400808947
2.130000,-1.6316877455,2.6624052156,7.0884049082,0.8507243395,0.7237322330,0.5237893045
2.140000,-1.6211144388,2.6280123207,6.9064518819,0.8440425992,0.7124083812,0.5075270473
2.150000,-1.6102568656,2.5929274230,6.7232752121,0.8368251443,0.7002767278,0.4903886329
2.160000,-1.5989760280,2.5567248723,6.5368475380,0.8291602373,0.6875075822,0.4726691058
2.170000,-1.5869661123,2.5184621175,6.3426582502,0.8205681920,0.6733331676,0.4533802774
2.180000,-1.5743468642,2.4785688420,6.1433113690,0.8108546019,0.6574868314,0.4322932642
2.190000,-1.5616183996,2.4386529543,5.9470372891,0.8005674958,0.6409104975,0.4107718636
2.200000,-1.5481937051,2.3969047929,5.7451626037,0.7896063209,0.6234805337,0.3887339484
2.210000,-1.5349005699,2.3559211282,5.5503772699,0.7779523492,0.6052129204,0.3662901036
2.220000,-1.5204898566,2.3118905832,5.3448489762,0.7645390153,0.5845236246,0.3416765735
2.230000,-1.5053669512,2.2661334945,5.1353958180,0.7491162419,0.5611841785,0.3149480002
2.240000,-1.4899185240,2.2198595234,4.9277968667,0.7325444341,0.5366292270,0.2879878602
2.250000,-1.4736423582,2.1716258646,4.7159942390,0.7135823369,0.5092135573,0.2593266254
2.260000,-1.4566768050,2.1219123614,4.5025549484,0.6919825196,0.4788620244,0.2293514797
2.270000,-1.4391327411,2.0711072655,4.2895202697,0.6684541345,0.4468537617,0.1997191435
2.280000,-1.4208510250,2.0188224892,4.0756834508,0.6417498946,0.4118761902,0.1696968630
2.290000,-1.4020287097,1.9656895619,3.8639752478,0.6110526323,0.3734275027,0.1395111917
2.300000,-1.3822920322,1.9107382005,3.6509735410,0.5761051893,0.3319607617,0.1102825744
2.310000,-1.3625455827,1.8565374516,3.4467832462,0.5366988063,0.2881293509,0.0831152882
2.320000,-1.3424191147,1.8020961498,3.2476015132,0.4929607630,0.2431135928,0.0592047620
2.330000,-1.3223257869,1.7485546362,3.0575073889,0.4442481279,0.1974843103,0.0391013200
2.340000,-1.3023785591,1.6961957766,2.8771199229,0.3922534466,0.1540016090,0.0238020984
2.350000,-1.2838702977,1.6483287337,2.7170258215,0.3370617509,0.1137824525,0.0130248393
2.360000,-1.2654193461,1.6012905636,2.5641599473,0.2805099487,0.0788554271,0.0062717335
2.370000,-1.2492428482,1.5606104083,2.4355217978,0.2257981539,0.0511238725,0.0026420900
2.380000,-1.2335590452,1.5216706173,2.3154979089,0.1761726260,0.0311601479,0.0009863124
2.390000,-1.2194346905,1.4870231508,2.2112508690,0.1300075591,0.0170002380,0.0002957203
2.400000,-1.2067085177,1.4561467013,2.1203705297,0.0907826722,0.0083158467,0.0000716412
2.410000,-1.1946981668,1.4273051186,2.0372079525,0.0597235024,0.0036093290,0.0000136417
2.420000,-1.1835620821,1.4008199031,1.9623003310,0.0369689107,0.0013880546,0.0000020443
2.430000,-1.1728441328,1.3755643087,1.8921823922,0.0212928951,0.0004618756,0.0000002296
2.440000,-1.1624251485,1.3512326565,1.8258320215,0.0120544970,0.0001498331,0.0000000251
2.450000,-1.1525388449,1.3283462329,1.7645060724,0.0076306045,0.0000600169,0.0000000040
2.460000,-1.1429155618,1.3062563002,1.7063071881,0.0033960164,0.0000131408,0.0000000003
2.470000,-1.1332002193,1.2841433727,1.6490274702,0.0014826119,0.0000022099,0.0000000000
2.480000,-1.1238574743,1.2630557976,1.5953108322,0.0007132351,0.0000006391,0.0000000000
2.490000,-1.1149617523,1.2431402112,1.5454000825,0.0003973246,0.0000001861,0.0000000000
2.500000,-1.1062978804,1.2238953227,1.4979213406,0.0003731787,0.0000001712,0.0000000000
2.510000,-1.0976487547,1.2048329301,1.4516230706,0.0009513855,0.0000011265,0.0000000000
2.520000,-1.0895637929,1.1871495838,1.4093256775,0.0002492249,0.0000001333,0.0000000000
2.530000,-1.0813240826,1.1692618709,1.3671737873,0.0010676086,0.0000011963,0.0000000000
2.540000,-1.0730390877,1.1514129673,1.3257522067,0.0006372511,0.0000006210,0.0000000000
2.550000,-1.0655092597,1.1353102552,1.2889306143,0.0011353672,0.0000015013,0.0000000000
2.560000,-1.0577124953,1.1187558324,1.2516151034,0.0003976822,0.0000002144,0.0000000000
2.570000,-1.0499679625,1.1024327505,1.2153580939,0.0005883276,0.0000005237,0.0000000000
2.580000,-1.0426816583,1.0871851452,1.1819719952,0.0004244924,0.0000002056,0.0000000000
2.590000,-1.0357485414,1.0727751970,1.1508472932,0.0003400266,0.0000002047,0.0000000000
2.600000,-1.0282198906,1.0572362080,1.1177486726,0.0005447745,0.0000003550,0.0000000000
2.610000,-1.0214529037,1.0433660643,1.0886128683,0.0008920074,0.0000010391,0.0000000000
2.620000,-1.0144430816,1.0290948632,1.0590366385,0.0006092787,0.0000004616,0.0000000000
2.630000,-1.0074667394,1.0149892775,1.0302034223,0.0004928231,0.0000004205,0.0000000000
2.640000,-1.0007442743,1.0014892499,1.0029813082,0.0005634308,0.0000005866,0.0000000000
2.650000,-0.9947517693,0.9895311930,0.9791724188,0.0005382121,0.0000003826,0.0000000000
2.660000,-0.9881414294,0.9764235194,0.9534030255,0.0003304839,0.0000001290,0.0000000000
2.670000,-0.9816285014,0.9635945728,0.9285147244,0.0007574379,0.0000007167,0.0000000000
2.680000,-0.9753419966,0.9512920378,0.9049566461,0.0006478786,0.0000006097,0.0000000000
2.690000,-0.9693451673,0.9396301134,0.8829049760,0.0003145874,0.0000001214,0.0000000000
2.700000,-0.9634523243,0.9282404192,0.8616304170,0.0008971870,0.0000009496,0.0000000000
2.710000,-0.9575828850,0.9169650464,0.8408251337,0.0006681681,0.0000005456,0.0000000000
2.720000,-0.9516420901,0.9056227519,0.8201528742,0.0003774583,0.0000001810,0.0000000000
2.730000,-0.9459520847,0.8948253850,0.8007126076,0.0003596008,0.0000003085,0.0000000000
2.740000,-0.9404408067,0.8844289426,0.7822146662,0.0004538953,0.0000002320,0.0000000000
2.750000,-0.9347233742,0.8737078456,0.7633656066,0.0005046368,0.0000003769,0.0000000000
2.760000,-0.9291474044,0.8633149292,0.7453127706,0.0009983301,0.0000010430,0.0000000000
2.770000,-0.9238071769,0.8534197839,0.7283256131,0.0001936018,0.0000000687,0.0000000000
2.780000,-0.9184170187,0.8434899111,0.7114755369,0.0008853078,0.0000009697,0.0000000000
2.790000,-0.9130532593,0.8336663502,0.6949999035,0.0002226651,0.0000000558,0.0000000000
2.800000,-0.9080351233,0.8245278153,0.6798462176,0.0003956020,0.0000002250,0.0000000000
2.810000,-0.9030017644,0.8154121977,0.6648970885,0.0009300709,0.0000009578,0.0000000000
2.820000,-0.8977958590,0.8060374818,0.6496966716,0.0003372014,0.0000002259,0.0000000000
2.830000,-0.8928312480,0.7971477069,0.6354446882,0.0006167829,0.0000004781,0.0000000000
2.840000,-0.8879192650,0.7884006902,0.6215758657,0.0004434466,0.0000002846,0.0000000000
2.850000,-0.8830255508,0.7797341356,0.6079853602,0.0005518615,0.0000003413,0.0000000000
2.860000,-0.8782423615,0.7713097131,0.5949188818,0.0005551100,0.0000003845,0.0000000000
2.870000,-0.8733219564,0.7626912554,0.5816979996,0.0007371426,0.0000006722,0.0000000000
2.880000,-0.8689623773,0.7550956982,0.5701697704,0.0003406167,0.0000002237,0.0000000000
2.890000,-0.8644792736,0.7473244273,0.5584938383,0.0003251195,0.0000001606,0.0000000000
2.900000,-0.8596116513,0.7389322128,0.5460208793,0.0003211498,0.0000001138,0.0000000000
2.910000,-0.8551295698,0.7312466213,0.5347217390,0.0002883911,0.0000001737,0.0000000000
2.920000,-0.8508364975,0.7239228409,0.5240645555,0.0002792239,0.0000001122,0.0000000000
2.930000,-0.8463587552,0.7163231941,0.5131190659,0.0005080581,0.0000003345,0.0000000000
2.940000,-0.8421368718,0.7091945169,0.5029568798,0.0001608014,0.0000000705,0.0000000000
2.950000,-0.8377737492,0.7018648984,0.4926144578,0.0003787339,0.0000001677,0.0000000000
2.960000,-0.8334426075,0.6946265873,0.4825061160,0.0004244089,0.0000003023,0.0000000000
2.970000,-0.8294182301,0.6879346412,0.4732541832,0.0003007710,0.0000001242,0.0000000000
2.980000,-0.8252909839,0.6811052797,0.4639045972,0.0006086349,0.0000004918,0.0000000000
2.990000,-0.8210308760,0.6740917182,0.4543996952,0.0002567947,0.0000001179,0.0000000000
3.000000,-0.8173955083,0.6681354598,0.4464051073,0.0003153324,0.0000001147,0.0000000000
