# Temp,E,E^2,E^4,M,M^2,M^4
1.500000,-1.9515555556,3.8085724531,14.5052754083,0.9865866661,0.9733536050,0.9474186238
1.510000,-1.9489688889,3.7984828512,14.4285194013,0.9859111071,0.9720209060,0.9448253997
1.520000,-1.9480444444,3.7948852176,14.4012760675,0.9856222272,0.9714520085,0.9437222426
1.530000,-1.9462755556,3.7879975909,14.3490629743,0.9849822283,0.9701906491,0.9412724532
1.540000,-1.9421155556,3.7718177248,14.2266826740,0.9838133216,0.9678889264,0.9368100369
1.550000,-1.9421866667,3.7720930600,14.2287466103,0.9839333415,0.9681252709,0.9372682852
1.560000,-1.9392000000,3.7605047530,14.1415180385,0.9829244375,0.9661413353,0.9334325017
1.570000,-1.9348622222,3.7436950858,14.0153018175,0.9815377831,0.9634165703,0.9281720684
1.580000,-1.9325066667,3.7345848253,13.9471657875,0.9809866667,0.9623351682,0.9260902392
1.590000,-1.9314488889,3.7305074386,13.9168738094,0.9806177735,0.9616126300,0.9247042765
1.600000,-1.9274577778,3.7151017983,13.8021047780,0.9792577744,0.9589467896,0.9195827823
1.610000,-1.9238577778,3.7012346714,13.6992256617,0.9781644344,0.9568064084,0.9154813626
1.620000,-1.9224977778,3.6960007589,13.6604667439,0.9779822111,0.9564494868,0.9147966981
1.630000,-1.9193422222,3.6838868243,13.5712025907,0.9767688870,0.9540787669,0.9102712830
1.640000,-1.9180088889,3.6787629432,13.5333680587,0.9763555527,0.9532706438,0.9087267453
1.650000,-1.9160977778,3.6714373345,13.4795494807,0.9759422302,0.9524638557,0.9071897526
1.660000,-1.9098044444,3.6473661744,13.3034718793,0.9739377856,0.9485560384,0.8997632165
1.670000,-1.9076000000,3.6389629128,13.2424176182,0.9730800033,0.9468873822,0.8966059090
1.680000,-1.9029333333,3.6211622598,13.1129171452,0.9715111017,0.9438347490,0.8908275364
1.690000,-1.8988177778,3.6055200344,12.9999342722,0.9701955557,0.9412805026,0.8860130706
1.700000,-1.8987111111,3.6051142617,12.9969986982,0.9702933192,0.9414702851,0.8863706687
1.710000,-1.8934400000,3.5851259710,12.8532849059,0.9681777835,0.9373696290,0.8786670979
1.720000,-1.8902044444,3.5728829717,12.7656374660,0.9676044464,0.9362598978,0.8765883366
1.730000,-1.8869600000,3.5606243417,12.6781354010,0.9663733244,0.9338785455,0.8721334087
1.740000,-1.8819822222,3.5418582396,12.5447761489,0.9647822142,0.9308054401,0.8664014454
1.750000,-1.8746844444,3.5144470511,12.3514122936,0.9622311115,0.9258897655,0.8572757580
1.760000,-1.8743022222,3.5130173515,12.3414107643,0.9623022079,0.9260263992,0.8575280741
1.770000,-1.8718400000,3.5037867804,12.2765469408,0.9608399987,0.9232140208,0.8523260391
1.780000,-1.8690133333,3.4932500772,12.2033445879,0.9604622245,0.9224911928,0.8510029511
1.790000,-1.8638311111,3.4738863846,12.0681640418,0.9582622170,0.9182694533,0.8432297158
1.800000,-1.8595733333,3.4580259540,11.9581226618,0.9574222326,0.9166584885,0.8402670256
1.810000,-1.8528000000,3.4328884520,11.7850066683,0.9545022249,0.9110772626,0.8300718759
1.820000,-1.8520711111,3.4301848407,11.7664071886,0.9540222287,0.9101614910,0.8284051457
1.830000,-1.8442666667,3.4013341487,11.5692727809,0.9515644431,0.9054773030,0.8198978857
1.840000,-1.8380533333,3.3784485946,11.4140302255,0.9494977951,0.9015470183,0.8127904716
1.850000,-1.8331911111,3.3606053807,11.2938793316,0.9469422221,0.8967019527,0.8040829191
1.860000,-1.8321688889,3.3568803441,11.2691486960,0.9471466660,0.8970900500,0.8047821879
1.870000,-1.8284622222,3.3432935309,11.1778720986,0.9455644369,0.8940951928,0.7994172672
1.880000,-1.8212622222,3.3170255004,11.0030490695,0.9437555552,0.8906775995,0.7933174663
1.890000,-1.8134133333,3.2884697533,10.8140574485,0.9395777941,0.8828080418,0.7793557163
1.900000,-1.8122311111,3.2841832976,10.7858822428,0.9400977850,0.8837852969,0.7810815782
1.910000,-1.8008888889,3.2432060176,10.5184531605,0.9351822257,0.8745680711,0.7648772765
1.920000,-1.7942222222,3.2192535285,10.3638533146,0.9326311111,0.8698027217,0.7565634986
1.930000,-1.7903733333,3.2054470088,10.2750229966,0.9307111025,0.8662275073,0.7503651631
1.940000,-1.7840533333,3.1828526609,10.1306320829,0.9279688835,0.8611268533,0.7415415382
1.950000,-1.7777333333,3.1603543020,9.9880724271,0.9245333314,0.8547693981,0.7306563632
1.960000,-1.7731911111,3.1442315014,9.8865028510,0.9237599969,0.8533387911,0.7282083938
1.970000,-1.7675288889,3.1241804148,9.7607784155,0.9217822194,0.8496897938,0.7219976683
1.980000,-1.7589955556,3.0940872680,9.5736469159,0.9165955424,0.8401531762,0.7058768525
1.990000,-1.7534755556,3.0747069219,9.4541954059,0.9151066661,0.8374293387,0.7013183911
2.000000,-1.7478400000,3.0549774009,9.3332866478,0.9121200204,0.8319701457,0.6921983306
2.010000,-1.7377155556,3.0196694680,9.1185739891,0.9080088854,0.8244804027,0.6797688139
2.020000,-1.7288800000,2.9890796883,8.9352362801,0.9037199974,0.8167160355,0.6670453273
2.030000,-1.7217244444,2.9643658248,8.7878306142,0.8998488903,0.8097402310,0.6557189029
2.040000,-1.7128355556,2.9338565902,8.6081117372,0.8950355530,0.8011078488,0.6418353334
2.050000,-1.7056000000,2.9091297201,8.4637145724,0.8904666781,0.7929443209,0.6288032863
2.060000,-1.7039644444,2.9035040395,8.4304427634,0.8911955476,0.7942305844,0.6308056543
2.070000,-1.6893688889,2.8539813570,8.1453706974,0.8852399945,0.7836549271,0.6141309382
2.080000,-1.6820977778,2.8295052452,8.0066918164,0.8799288869,0.7742952711,0.5995962404
2.090000,-1.6696000000,2.7876065130,7.7712228015,0.8732933402,0.7626487671,0.5816560904
2.100000,-1.6588000000,2.7516979038,7.5727208043,0.8660933375,0.7501624519,0.5628778684
2.110000,-1.6463555556,2.7104975561,7.3469157429,0.8593644500,0.7385154063,0.5454291189
2.120000,-1.6475288889,2.7143637803,7.3679047866,0.8638133168,0.7461829143,0.5568172151
2.130000,-1.6279466667,2.6503020247,7.0250732111,0.8519599915,0.7258621897,0.5269523056
2.140000,-1.6177955556,2.6173259757,6.8510625246,0.8393244505,0.7044910392,0.4963796953
2.150000,-1.6077155556,2.5848468543,6.6824384199,0.8317511201,0.6918517164,0.4787740017
2.160000,-1.5996266667,2.5588361474,6.5479563453,0.8256266713,0.6816846271,0.4647629466
2.170000,-1.5902311111,2.5288584877,6.3953632840,0.8247111201,0.6801588167,0.4626442129
2.180000,-1.5710755556,2.4682933183,6.0926190883,0.8092444420,0.6549055158,0.4289768328
2.190000,-1.5619111111,2.4396200790,5.9522722002,0.7958755612,0.6334439725,0.4013178539
2.200000,-1.5477244444,2.3954595797,5.7383091733,0.7849333405,0.6161769951,0.3798141133
2.210000,-1.5320088889,2.3471312462,5.5097752969,0.7782266617,0.6056704581,0.3669180654
2.220000,-1.5149422222,2.2950641252,5.2674495007,0.7522044420,0.5658667612,0.3203306231
2.230000,-1.5022311111,2.2568193308,5.0943181714,0.7424489021,0.5512749136,0.3040018920
2.240000,-1.4918666667,2.2257441387,4.9546308386,0.7336800098,0.5383201265,0.2898616531
2.250000,-1.4806933333,2.1924702033,4.8070786710,0.7322088838,0.5361714107,0.2875689601
2.260000,-1.4602577778,2.1323830625,4.5473159091,0.7075600028,0.5006898011,0.2507871542
2.270000,-1.4461333333,2.0913345478,4.3739570414,0.6925244451,0.4796362894,0.2301393563
2.280000,-1.4333422222,2.0546033798,4.2224893010,0.6717244387,0.4513330192,0.2039140777
2.290000,-1.4099377778,1.9880264652,3.9530613569,0.6334577918,0.4014102165,0.1613536744
2.300000,-1.3863111111,1.9219311305,3.6943740404,0.5854889035,0.3430674879,0.1180759739
2.310000,-1.3557422222,1.8381152841,3.3792479145,0.5319377780,0.2830508418,0.0802210445
2.320000,-1.3510044444,1.8252516922,3.3318260142,0.5056177735,0.2556832176,0.0654084844
2.330000,-1.3290666667,1.7665023107,3.1211233729,0.4780311108,0.2286298142,0.0523778436
2.340000,-1.3093066667,1.7142887866,2.9388192351,0.4323911130,0.1871346737,0.0351485679
2.350000,-1.2945600000,1.6759780820,2.8095250656,0.3848355591,0.1491208355,0.0228391353
2.360000,-1.2627555556,1.5945855281,2.5429196915,0.3122888923,0.0979177601,0.0097435110
2.370000,-1.2522755556,1.5682433007,2.4596960993,0.2174533337,0.0474103977,0.0022704854
2.380000,-1.2403555556,1.5384972271,2.3670681033,0.1748933345,0.0306513643,0.0009476526
2.390000,-1.2225066667,1.4945611567,2.2339439005,0.1489644423,0.0228093232,0.0005709128
2.400000,-1.2017777778,1.4442832695,2.0860317146,0.1032488897,0.0106962000,0.0001159314
2.410000,-1.1962666667,1.4310901800,2.0482276799,0.1098622233,0.0121001834,0.0001478865
2.420000,-1.1913511111,1.4193732097,2.0149380444,0.1052088886,0.0113403170,0.0001397041
2.430000,-1.1721688889,1.3739875014,1.8878834561,0.0788444445,0.0062538902,0.0000400019
2.440000,-1.1583022222,1.3417726534,1.8009380344,0.0691911124,0.0048648211,0.0000253033
2.450000,-1.1522844444,1.3278054187,1.7633133429,0.0598711107,0.0041535785,0.0000257375
2.460000,-1.1374222222,1.2937737458,1.6740786315,0.0176533332,0.0005777823,0.0000011158
2.470000,-1.1393688889,1.2982828780,1.6861686336,0.0139288888,0.0002342665,0.0000000858
2.480000,-1.1247377778,1.2650777248,1.6006380460,0.0123155556,0.0002029949,0.0000000802
2.490000,-1.1133777778,1.2396653547,1.5370452211,0.0275422223,0.0008621127,0.0000010396
2.500000,-1.1059466667,1.2231472067,1.4962315908,0.0157466665,0.0003662855,0.0000002859
2.510000,-1.0982133333,1.2062067157,1.4555791977,0.0293377783,0.0008724983,0.0000008055
2.520000,-1.0868622222,1.1813507650,1.3959723841,0.0089155557,0.0001074325,0.0000000212
2.530000,-1.0781155556,1.1623573705,1.3511871712,0.0081288889,0.0000986950,0.0000000264
2.540000,-1.0695822222,1.1440211943,1.3088533072,0.0205866670,0.0004770651,0.0000003056
2.550000,-1.0616000000,1.1270138651,1.2702471600,0.0195600004,0.0006029668,0.0000007308
2.560000,-1.0621066667,1.1280886072,1.2726653273,0.0150755556,0.0002821965,0.0000001251
2.570000,-1.0515111111,1.1056940211,1.2226407264,0.0208311112,0.0006575705,0.0000012491
2.580000,-1.0380622222,1.0776116361,1.1614121591,0.0174888887,0.0004178863,0.0000002785
2.590000,-1.0355822222,1.0725062499,1.1505906713,0.0196088891,0.0004430837,0.0000003328
2.600000,-1.0300888889,1.0611976071,1.1266296064,0.0178888890,0.0004259568,0.0000002844
2.610000,-1.0245244444,1.0497495020,1.1023922839,0.0060577778,0.0000369852,0.0000000014
2.620000,-1.0136977778,1.0276119139,1.0561041995,0.0095688889,0.0001485360,0.0000000484
2.630000,-1.0076622222,1.0155029697,1.0317331405,0.0074266667,0.0000825832,0.0000000143
2.640000,-0.9972355556,0.9945367502,0.9893333967,0.0211511109,0.0005822928,0.0000006168
2.650000,-0.9956800000,0.9914861329,0.9834694049,0.0121733333,0.0002001680,0.0000000780
2.660000,-0.9853688889,0.9709657711,0.9428283907,0.0056933333,0.0000539715,0.0000000066
2.670000,-0.9861155556,0.9724657778,0.9458531307,0.0097422223,0.0001587411,0.0000000588
2.680000,-0.9750666667,0.9507909495,0.9041403566,0.0085999999,0.0001091092,0.0000000293
2.690000,-0.9620977778,0.9257071147,0.8572114065,0.0099066666,0.0001068280,0.0000000140
2.700000,-0.9618577778,0.9251796840,0.8559918725,0.0087644444,0.0001024919,0.0000000198
2.710000,-0.9629688889,0.9273202070,0.8599640709,0.0114888890,0.0002137477,0.0000001218
2.720000,-0.9494311111,0.9014282418,0.8126046809,0.0126844444,0.0002359419,0.0000001180
2.730000,-0.9448355556,0.8927499520,0.7971301076,0.0157111113,0.0003043683,0.0000001443
2.740000,-0.9382933333,0.8804181199,0.7752192023,0.0058222223,0.0000658120,0.0000000109
2.750000,-0.9392177778,0.8821405116,0.7782088072,0.0194266668,0.0004320380,0.0000002674
2.760000,-0.9302311111,0.8654129956,0.7492300227,0.0130266668,0.0002128769,0.0000000825
2.770000,-0.9252177778,0.8560784557,0.7330435480,0.0251866661,0.0006528832,0.0000004720
2.780000,-0.9164888889,0.8399867690,0.7056955326,0.0101733335,0.0001859203,0.0000000800
2.790000,-0.9124444444,0.8325890441,0.6933188391,0.0069777778,0.0000699889,0.0000000094
2.800000,-0.9055022222,0.8199656893,0.6724472920,0.0074844446,0.0001015354,0.0000000321
2.810000,-0.9007111111,0.8113152529,0.6583455326,0.0083066664,0.0001330140,0.0000000416
2.820000,-0.8987111111,0.8077121047,0.6524971733,0.0124666667,0.0002448817,0.0000001301
2.830000,-0.8930577778,0.7975951625,0.6362961768,0.0087822225,0.0001305800,0.0000000469
2.840000,-0.8848888889,0.7830547121,0.6132567713,0.0188266668,0.0004679121,0.0000003904
2.850000,-0.8839200000,0.7813559320,0.6106469816,0.0110488889,0.0001323370,0.0000000223
2.860000,-0.8767288889,0.7686734293,0.5909198266,0.0031155555,0.0000145678,0.0000000005
2.870000,-0.8736355556,0.7632653740,0.5826542270,0.0124222223,0.0001718721,0.0000000398
2.880000,-0.8656000000,0.7492749061,0.5614475002,0.0033155556,0.0000126078,0.0000000002
2.890000,-0.8681244444,0.7536596520,0.5680620674,0.0069644442,0.0001116613,0.0000000531
2.900000,-0.8616622222,0.7424807131,0.5513339431,0.0159555554,0.0003222274,0.0000001975
2.910000,-0.8524266667,0.7266716152,0.5281698545,0.0099422223,0.0001457607,0.0000000556
2.920000,-0.8482311111,0.7195086712,0.5177291699,0.0072044446,0.0000573123,0.0000000040
2.930000,-0.8409955556,0.7073444480,0.5005353721,0.0094311110,0.0001484423,0.0000000725
2.940000,-0.8431377778,0.7109331196,0.5055746327,0.0065644443,0.0000680943,0.0000000133
2.950000,-0.8384622222,0.7030365017,0.4943098277,0.0086977776,0.0000975865,0.0000000182
2.960000,-0.8323288889,0.6927928079,0.4800208687,0.0055200000,0.0000530951,0.0000000090
2.970000,-0.8282577778,0.6860310349,0.4706935436,0.0109022222,0.0001291383,0.0000000208
2.980000,-0.8239733333,0.6789790242,0.4611406831,0.0046666667,0.0000321298,0.0000000023
2.990000,-0.8183288889,0.6696972128,0.4485884925,0.0080444444,0.0000821225,0.0000000127
3.000000,-0.8169422222,0.6674036488,0.4454518004,0.0096266666,0.0001320537,0.0000000380
