# Temp,E,E^2,E^4,M,M^2,M^4
1.500000,-1.9512478299,3.8073752065,14.4962143687,0.9864664555,0.9731168010,0.9469591638
1.510000,-1.9504937066,3.8044280107,14.4737076464,0.9863227010,0.9728326843,0.9464042639
1.520000,-1.9455240885,3.7850674428,14.3267880029,0.9848415852,0.9699132456,0.9407328596
1.530000,-1.9448079427,3.7822806148,14.3056872229,0.9845350504,0.9693094529,0.9395615425
1.540000,-1.9427463108,3.7742639893,14.2450801566,0.9840928674,0.9684388836,0.9378743053
1.550000,-1.9406032986,3.7659476033,14.1824583466,0.9834201336,0.9671159457,0.9353162938
1.560000,-1.9384982639,3.7577767299,14.1209041526,0.9827636719,0.9658245420,0.9328174604
1.570000,-1.9358289931,3.7474354541,14.0432959222,0.9820719481,0.9644654904,0.9301943733
1.580000,-1.9334635417,3.7382833301,13.9747931218,0.9811713219,0.9626973583,0.9267869561
1.590000,-1.9321072049,3.7330470636,13.9357718908,0.9808268189,0.9620221204,0.9254899141
1.600000,-1.9263183594,3.7107038732,13.7693447822,0.9789306521,0.9583053536,0.9183496564
1.610000,-1.9252875434,3.7067420725,13.7400845115,0.9786322594,0.9577222699,0.9172364354
1.620000,-1.9232747396,3.6989967485,13.6827403124,0.9780897498,0.9566604829,0.9152028202
1.630000,-1.9204210069,3.6880183585,13.6015017644,0.9773383260,0.9551903152,0.9123889652
1.640000,-1.9174045139,3.6764416368,13.5162461486,0.9763020754,0.9531658822,0.9085257320
1.650000,-1.9156195747,3.6696042504,13.4660819597,0.9755452394,0.9516891686,0.9057147662
1.660000,-1.9124348958,3.6574097001,13.3766818646,0.9746690631,0.9499803112,0.9024646022
1.670000,-1.9093967014,3.6457990349,13.2918983293,0.9737141848,0.9481197610,0.8989327783
1.680000,-1.9027560764,3.6205028507,13.1083619187,0.9717203736,0.9442428563,0.8916035309
1.690000,-1.9025499132,3.6196995753,13.1022742676,0.9715250731,0.9438616080,0.8908771530
1.700000,-1.8990831163,3.6065260950,13.0071660744,0.9704020262,0.9416812409,0.8867678809
1.710000,-1.8959635417,3.5946793347,12.9217422890,0.9691894650,0.9393284722,0.8823389293
1.720000,-1.8907063802,3.5747803407,12.7791932783,0.9675645590,0.9361818893,0.8764392004
1.730000,-1.8875542535,3.5628647219,12.6940571916,0.9666883707,0.9344869995,0.8732681697
1.740000,-1.8845648872,3.5515924408,12.6139172221,0.9656249881,0.9324328582,0.8694356645
1.750000,-1.8801866319,3.5351036510,12.4969844182,0.9641438842,0.9295739721,0.8641097885
1.760000,-1.8768554687,3.5225999452,12.4089003321,0.9628445148,0.9270713358,0.8594678445
1.770000,-1.8709581163,3.5004870719,12.2534488917,0.9608642578,0.9232603792,0.8524106778
1.780000,-1.8684082031,3.4909526108,12.1867975911,0.9601698160,0.9219266249,0.8499507274
1.790000,-1.8632541233,3.4717299048,12.0531028336,0.9581895471,0.9181282090,0.8429630852
1.800000,-1.8607096354,3.4622513244,11.9873363110,0.9571099162,0.9160615760,0.8391768135
1.810000,-1.8547960069,3.4402764138,11.8356144571,0.9550021887,0.9120310484,0.8318074430
1.820000,-1.8496039497,3.4210466448,11.7037224561,0.9535536051,0.9092657896,0.8267690477
1.830000,-1.8478515625,3.4145754720,11.6595999617,0.9527804971,0.9077945043,0.8241047731
1.840000,-1.8382161458,3.3790510481,11.4181541149,0.9494384646,0.9014362568,0.8125976272
1.850000,-1.8340277778,3.3636691235,11.3144207419,0.9480089068,0.8987233674,0.8077125872
1.860000,-1.8336263021,3.3622003090,11.3045914227,0.9478054523,0.8983377518,0.8070199782
1.870000,-1.8255316840,3.3325673613,11.1060243100,0.9444227457,0.8919346497,0.7955485869
1.880000,-1.8221516927,3.3202535722,11.0243061556,0.9434922934,0.8901800323,0.7924287507
1.890000,-1.8179633247,3.3050219552,10.9235834964,0.9414442182,0.8863215883,0.7855814452
1.900000,-1.8116319444,3.2820218860,10.7718199538,0.9396050215,0.8828592118,0.7794460957
1.910000,-1.8027343750,3.2498652885,10.5618072766,0.9358344197,0.8757877263,0.7670099734
1.920000,-1.7952202691,3.2228191421,10.3866061441,0.9328857422,0.8702758465,0.7573801830
1.930000,-1.7912760417,3.2086777366,10.2957137435,0.9310438395,0.8668440742,0.7514236500
1.940000,-1.7878363715,3.1963617225,10.2167644683,0.9291937947,0.8634025019,0.7454686972
1.950000,-1.7826334635,3.1777870365,10.0983936478,0.9276855469,0.8606011304,0.7406365633
1.960000,-1.7699218750,3.1326538522,9.8139014417,0.9230848551,0.8520881892,0.7260629508
1.970000,-1.7645941840,3.1138351264,9.6964974877,0.9191433430,0.8448320273,0.7137666506
1.980000,-1.7581380208,3.0910513586,9.5546239545,0.9156114340,0.8383467438,0.7028334655
1.990000,-1.7531629774,3.0735994438,9.4472474447,0.9145453572,0.8363991022,0.6995831708
2.000000,-1.7460177951,3.0485883015,9.2940144428,0.9124131918,0.8324997415,0.6930621719
2.010000,-1.7378417969,3.0201329548,9.1216711297,0.9074489951,0.8234721681,0.6781343085
2.020000,-1.7349392361,3.0100243939,9.0603699504,0.9069688797,0.8225954218,0.6766726642
2.030000,-1.7302951389,2.9939291012,8.9637051443,0.9038628459,0.8169730931,0.6674615604
2.040000,-1.7163357205,2.9458313549,8.6781949524,0.8989447713,0.8081082419,0.6530601317
2.050000,-1.7093858507,2.9220225846,8.5384798679,0.8951443076,0.8012875932,0.6420754569
2.060000,-1.6932508681,2.8671137836,8.2205167821,0.8859103799,0.7848421265,0.6159926044
2.070000,-1.6908257378,2.8589259638,8.1738502015,0.8841308594,0.7817094747,0.6111389327
2.080000,-1.6839192708,2.8356026788,8.0408531384,0.8819878459,0.7779056104,0.6051466076
2.090000,-1.6768283420,2.8117623416,7.9061090949,0.8764567018,0.7681788452,0.5901064000
2.100000,-1.6656412760,2.7743732074,7.6972834561,0.8710937500,0.7588140207,0.5758280392
2.110000,-1.6528157552,2.7318604241,7.4637210423,0.8619764566,0.7430220011,0.5521368264
2.120000,-1.6439019097,2.7024256009,7.3032350610,0.8606038451,0.7406413868,0.5485568041
2.130000,-1.6346571181,2.6721258826,7.1404921798,0.8539360881,0.7292197783,0.5317993254
2.140000,-1.6252170139,2.6413471602,6.9768924594,0.8444688678,0.7131390888,0.5085999239
2.150000,-1.6115234375,2.5970152113,6.7445651891,0.8382920980,0.7027398458,0.4938606823
2.160000,-1.5925564236,2.5362857521,6.4332512511,0.8220648766,0.6757992922,0.4567279746
2.170000,-1.5890516493,2.5251277382,6.3767006395,0.8218261719,0.6754239207,0.4562669832
2.180000,-1.5754720052,2.4821199695,6.1609982580,0.8141601563,0.6628581505,0.4393846148
2.190000,-1.5617675781,2.4391678759,5.9500260262,0.8041368246,0.6466678373,0.4182614564
2.200000,-1.5403266059,2.3726152998,5.6293911972,0.7792127967,0.6071935910,0.3687350189
2.210000,-1.5380588108,2.3656518826,5.5965648573,0.7817057371,0.6110912990,0.3734996886
2.220000,-1.5292263455,2.3385555372,5.4690510154,0.7704400063,0.5935935405,0.3523905247
2.230000,-1.5012641059,2.2538355976,5.0801507080,0.7326009154,0.5367192015,0.2880998776
2.240000,-1.4768771701,2.1812488388,4.7585688478,0.6985812783,0.4881844286,0.2386561964
2.250000,-1.4686577691,2.1569906157,4.6529105852,0.6881537557,0.4735746749,0.2243089494
2.260000,-1.4526095920,2.1101146011,4.4529228483,0.6586669922,0.4339108686,0.1883980090
2.270000,-1.4453993056,2.0891842418,4.3647333037,0.6487359047,0.4208670446,0.1771438229
2.280000,-1.4239637587,2.0277064390,4.1118665756,0.6374783039,0.4063925688,0.1651776709
2.290000,-1.4071126302,1.9799935866,3.9205937375,0.6167724609,0.3804372286,0.1447764839
2.300000,-1.3891764323,1.9298221063,3.7242979361,0.5938747883,0.3527191343,0.1244554636
2.310000,-1.3585828993,1.8458295972,3.4076888764,0.5427761316,0.2947673727,0.0870766011
2.320000,-1.3424316406,1.8021486999,3.2479271791,0.4846055686,0.2349291467,0.0552738049
2.330000,-1.3236816406,1.7521630177,3.0702856061,0.4313774943,0.1863766182,0.0349517082
2.340000,-1.2900010851,1.6641368720,2.7695789139,0.3618950725,0.1312205578,0.0173547327
2.350000,-1.2776584201,1.6324230235,2.6648831957,0.3256808817,0.1062292479,0.0113508593
2.360000,-1.2666286892,1.6043738308,2.5741792615,0.2777723551,0.0771863538,0.0059664998
2.370000,-1.2507052951,1.5643195511,2.4474419484,0.2265299439,0.0515147342,0.0026931432
2.380000,-1.2336642795,1.5219625834,2.3165831933,0.2010850728,0.0406197413,0.0016804488
2.390000,-1.2259494358,1.5029866508,2.2591773406,0.1584771037,0.0252347903,0.0006489247
2.400000,-1.2110894097,1.4668170911,2.1520200779,0.1178846583,0.0140312567,0.0002043475
2.410000,-1.1949924045,1.4280305520,2.0394068616,0.0960991770,0.0094267186,0.0000962146
2.420000,-1.1804470486,1.3935154170,1.9422210028,0.0556749135,0.0031102087,0.0000097986
2.430000,-1.1665961372,1.3609903116,1.8525339232,0.0520616315,0.0027371985,0.0000077673
2.440000,-1.1644368490,1.3559539576,1.8388328017,0.0381971569,0.0017612741,0.0000044406
2.450000,-1.1444335938,1.3097552020,1.7156001011,0.0047905816,0.0000354316,0.0000000037
2.460000,-1.1459743924,1.3132915338,1.7249142666,0.0123752173,0.0001951684,0.0000000616
2.470000,-1.1362521701,1.2910718562,1.6668813164,0.0128309465,0.0002282436,0.0000000908
2.480000,-1.1235188802,1.2623155687,1.5935458444,0.0081922743,0.0001213869,0.0000000354
2.490000,-1.1138129340,1.2406024156,1.5392088299,0.0119303385,0.0001739038,0.0000000516
2.500000,-1.1053276910,1.2217569045,1.4927270760,0.0184733074,0.0004941720,0.0000004770
2.510000,-1.0940917969,1.1970595523,1.4330600225,0.0190917965,0.0003951694,0.0000001876
2.520000,-1.0874186198,1.1825201642,1.3985470540,0.0087293837,0.0001386567,0.0000000501
2.530000,-1.0803656684,1.1672221250,1.3625578545,0.0132242834,0.0003353179,0.0000003673
2.540000,-1.0736924913,1.1528525201,1.3292400991,0.0115749781,0.0001712938,0.0000000606
2.550000,-1.0653537326,1.1349855658,1.2882240009,0.0023518880,0.0000077016,0.0000000001
2.560000,-1.0595540365,1.1227166901,1.2607709089,0.0049235026,0.0000432038,0.0000000058
2.570000,-1.0507378472,1.1040864962,1.2191668813,0.0258680552,0.0008593770,0.0000014264
2.580000,-1.0437662760,1.0894507572,1.1869148014,0.0371609159,0.0014533937,0.0000025386
2.590000,-1.0302463108,1.0614288558,1.1267219182,0.0215087889,0.0007049132,0.0000013237
2.600000,-1.0293836806,1.0596323375,1.1228273702,0.0133517799,0.0002077134,0.0000000632
2.610000,-1.0221950955,1.0449252822,1.0920466964,0.0051405163,0.0000462198,0.0000000044
2.620000,-1.0189778646,1.0383281923,1.0781764900,0.0042561849,0.0000270331,0.0000000022
2.630000,-1.0073133681,1.0147099415,1.0297570938,0.0037163628,0.0000324867,0.0000000044
2.640000,-1.0022081163,1.0044446635,1.0090037467,0.0352132153,0.0015370731,0.0000036303
2.650000,-0.9963921441,0.9928224527,0.9857960719,0.0106472437,0.0001649999,0.0000000451
2.660000,-0.9925564236,0.9851695891,0.9705643874,0.0158257380,0.0003280741,0.0000001827
2.670000,-0.9819552951,0.9642559152,0.9298659229,0.0100368924,0.0001059869,0.0000000131
2.680000,-0.9748806424,0.9504057908,0.9033224358,0.0149820963,0.0002554896,0.0000000947
2.690000,-0.9718478733,0.9445039771,0.8921470638,0.0086561416,0.0001268999,0.0000000458
2.700000,-0.9656032986,0.9324107397,0.8694681693,0.0092637805,0.0001250638,0.0000000322
2.710000,-0.9553873698,0.9127827084,0.8332367211,0.0105821399,0.0002284376,0.0000001718
2.720000,-0.9485188802,0.8996920072,0.8094598844,0.0184597438,0.0003644106,0.0000001631
2.730000,-0.9479600694,0.8986485705,0.8076424400,0.0098632811,0.0001296579,0.0000000313
2.740000,-0.9382486979,0.8803164785,0.7749777067,0.0114718968,0.0001612645,0.0000000375
2.750000,-0.9374023438,0.8787398850,0.7722424204,0.0127848309,0.0002835095,0.0000002287
2.760000,-0.9305826823,0.8659892799,0.7499552586,0.0111463758,0.0001388546,0.0000000283
2.770000,-0.9238606771,0.8535472734,0.7286413665,0.0108235680,0.0001411936,0.0000000330
2.780000,-0.9174045139,0.8416843953,0.7086115122,0.0109646269,0.0001975569,0.0000000961
2.790000,-0.9129286024,0.8335023384,0.6949379191,0.0130479600,0.0001967086,0.0000000501
2.800000,-0.9075792101,0.8237126149,0.6785439584,0.0085449220,0.0001210559,0.0000000428
2.810000,-0.9077202691,0.8239861781,0.6790526105,0.0103922528,0.0001797568,0.0000000708
2.820000,-0.8948133681,0.8007198884,0.6412448867,0.0101264102,0.0001438927,0.0000000397
2.830000,-0.8920410156,0.7957656600,0.6333334067,0.0086235895,0.0000969234,0.0000000204
2.840000,-0.8879611545,0.7885118318,0.6218669677,0.0073350695,0.0000664899,0.0000000068
2.850000,-0.8838758681,0.7812403102,0.6103481799,0.0107801651,0.0001304458,0.0000000235
2.860000,-0.8761881510,0.7677082243,0.5893837297,0.0121229383,0.0001706121,0.0000000447
2.870000,-0.8701388889,0.7571502683,0.5733024938,0.0065728080,0.0000666228,0.0000000098
2.880000,-0.8705240885,0.7578244432,0.5743351704,0.0081570095,0.0000991464,0.0000000190
2.890000,-0.8623969184,0.7437534628,0.5532432562,0.0107855903,0.0001447753,0.0000000357
2.900000,-0.8564995660,0.7336081025,0.5382293127,0.0099826387,0.0001397353,0.0000000533
2.910000,-0.8564561632,0.7335622991,0.5382471340,0.0087592231,0.0000877381,0.0000000114
2.920000,-0.8537977431,0.7290009031,0.5315310353,0.0098036025,0.0001767143,0.0000001024
2.930000,-0.8445258247,0.7132439373,0.5087740842,0.0041151259,0.0000213186,0.0000000007
2.940000,-0.8396809896,0.7050701889,0.4971410265,0.0034586589,0.0000246455,0.0000000016
2.950000,-0.8361599392,0.6991949763,0.4889618790,0.0051106771,0.0000289512,0.0000000012
2.960000,-0.8349446615,0.6971429276,0.4860370208,0.0065077041,0.0000601811,0.0000000073
2.970000,-0.8281629774,0.6858748929,0.4704820569,0.0078369141,0.0000693590,0.0000000062
2.980000,-0.8229492188,0.6772877411,0.4588332531,0.0092013889,0.0000998248,0.0000000160
2.990000,-0.8219346788,0.6755965081,0.4564841502,0.0114990236,0.0002143909,0.0000001060
3.000000,-0.8192762587,0.6712168039,0.4505406551,0.0072970919,0.0000935108,0.0000000218
