# Temp,E,E^2,E^4,M,M^2,M^4
1.500000,-1.9523437500,3.8117218018,14.5303738438,0.9871093750,0.9743934631,0.9494758913
1.510000,-1.9500000000,3.8030700684,14.4719668084,0.9851562500,0.9705963135,0.9423029823
1.520000,-1.9492187500,3.7995269775,14.4375178196,0.9863281250,0.9728492737,0.9464594251
1.530000,-1.9546875000,3.8210632324,14.6044691526,0.9878906250,0.9759498596,0.9525636818
1.540000,-1.9648437500,3.8606719971,14.9057308048,0.9910156250,0.9821159363,0.9645673061
1.550000,-1.9187500000,3.6817932129,13.5584087410,0.9773437500,0.9552429199,0.9126486299
1.560000,-1.9429687500,3.7752960205,14.2553928644,0.9835937500,0.9674804688,0.9361101158
1.570000,-1.9054687500,3.6312591553,13.1925410816,0.9734375000,0.9476272583,0.8981740182
1.580000,-1.9296875000,3.7241882324,13.8769421072,0.9792968750,0.9590888977,0.9201053930
1.590000,-1.9421875000,3.7724792480,14.2374176317,0.9847656250,0.9697990417,0.9406482105
1.600000,-1.9515625000,3.8088073730,14.5102457122,0.9871093750,0.9744041443,0.9495384151
1.610000,-1.9179687500,3.6799285889,13.5609089287,0.9765625000,0.9538009644,0.9102130424
1.620000,-1.9187500000,3.6822937012,13.5692903706,0.9761718750,0.9529884338,0.9084765355
1.630000,-1.9234375000,3.6998535156,13.6924925374,0.9765625000,0.9537063599,0.9096783366
1.640000,-1.9156250000,3.6696838379,13.4675286026,0.9773437500,0.9552062988,0.9124400560
1.650000,-1.9390625000,3.7601013184,14.1404266895,0.9820312500,0.9644012451,0.9301309396
1.660000,-1.9156250000,3.6700134277,13.4747623929,0.9757812500,0.9522018433,0.9068883335
1.670000,-1.9304687500,3.7271026611,13.8971300565,0.9804687500,0.9613616943,0.9243800700
1.680000,-1.8851562500,3.5545989990,12.6462861726,0.9644531250,0.9303215027,0.8660591506
1.690000,-1.9078125000,3.6401916504,13.2574505710,0.9742187500,0.9491439819,0.9010329653
1.700000,-1.8773437500,3.5253631592,12.4414204487,0.9644531250,0.9303153992,0.8660236905
1.710000,-1.9000000000,3.6109069824,13.0517603957,0.9722656250,0.9453758240,0.8940187288
1.720000,-1.9226562500,3.6977813721,13.6906338796,0.9769531250,0.9545509338,0.9115956862
1.730000,-1.8968750000,3.5984863281,12.9541511612,0.9722656250,0.9453224182,0.8937173394
1.740000,-1.8898437500,3.5720672607,12.7675939368,0.9687500000,0.9385147095,0.8809520233
1.750000,-1.8914062500,3.5777252197,12.8045144106,0.9675781250,0.9362327576,0.8766266192
1.760000,-1.8828125000,3.5464660645,12.5981863708,0.9640625000,0.9296325684,0.8650147529
1.770000,-1.8554687500,3.4443878174,11.8866123915,0.9535156250,0.9094291687,0.8279338689
1.780000,-1.8750000000,3.5164306641,12.3765400210,0.9625000000,0.9265228271,0.8588727417
1.790000,-1.8796875000,3.5346984863,12.5149585173,0.9617187500,0.9250625610,0.8563332696
1.800000,-1.8703125000,3.4996215820,12.2690284671,0.9597656250,0.9214500427,0.8501622259
1.810000,-1.8492187500,3.4224029541,11.7510841847,0.9476562500,0.8986083984,0.8095002158
1.820000,-1.8625000000,3.4692443848,12.0403016978,0.9589843750,0.9197151184,0.8461090512
1.830000,-1.8437500000,3.3999145508,11.5662393006,0.9535156250,0.9092262268,0.8268165907
1.840000,-1.8617187500,3.4662506104,12.0184393034,0.9589843750,0.9196983337,0.8460185202
1.850000,-1.8460937500,3.4114715576,11.6850691678,0.9445312500,0.8929550171,0.8002684288
1.860000,-1.8210937500,3.3196685791,11.0633551620,0.9421875000,0.8881164551,0.7901641630
1.870000,-1.8085937500,3.2714752197,10.7085838527,0.9367187500,0.8775299072,0.7703676483
1.880000,-1.8296875000,3.3487792969,11.2282080280,0.9468750000,0.8966781616,0.8044167266
1.890000,-1.8031250000,3.2533630371,10.6116039083,0.9359375000,0.8762420654,0.7687123965
1.900000,-1.8218750000,3.3203674316,11.0397749485,0.9421875000,0.8878952026,0.7889815991
1.910000,-1.8312500000,3.3549804688,11.2761717441,0.9480468750,0.8989875793,0.8088796983
1.920000,-1.8109375000,3.2807495117,10.7797350310,0.9375000000,0.8792968750,0.7745132538
1.930000,-1.7703125000,3.1356262207,9.8518384972,0.9214843750,0.8496086121,0.7234215671
1.940000,-1.7726562500,3.1435028076,9.8965786444,0.9222656250,0.8506614685,0.7239221588
1.950000,-1.7671875000,3.1278564453,9.8430162529,0.9214843750,0.8503532410,0.7270936852
1.960000,-1.8070312500,3.2664764404,10.6845693120,0.9371093750,0.8783210754,0.7719570465
1.970000,-1.7578125000,3.0903015137,9.5548518949,0.9132812500,0.8341384888,0.6959752553
1.980000,-1.7648437500,3.1160247803,9.7266255186,0.9234375000,0.8529251099,0.7281223339
1.990000,-1.7625000000,3.1083618164,9.6859675856,0.9218750000,0.8501327515,0.7236797445
2.000000,-1.7312500000,2.9997009277,9.0266747535,0.9093750000,0.8273269653,0.6856450573
2.010000,-1.7757812500,3.1551361084,9.9772479170,0.9261718750,0.8580436707,0.7371084519
2.020000,-1.7398437500,3.0277557373,9.1755916485,0.9093750000,0.8271560669,0.6848143656
2.030000,-1.6703125000,2.7904541016,7.7924360851,0.8730468750,0.7623435974,0.5815712332
2.040000,-1.7460937500,3.0526458740,9.3643709698,0.9097656250,0.8286079407,0.6896803650
2.050000,-1.7273437500,2.9844879150,8.9162238570,0.9066406250,0.8222053528,0.6767014442
2.060000,-1.7039062500,2.9048187256,8.4556869545,0.8964843750,0.8041496277,0.6481117721
2.070000,-1.7007812500,2.8931854248,8.3767094740,0.8917968750,0.7957084656,0.6344361876
2.080000,-1.6859375000,2.8431457520,8.0920158924,0.8898437500,0.7918685913,0.6272035293
2.090000,-1.6460937500,2.7114654541,7.3721144446,0.8488281250,0.7213035583,0.5225345825
2.100000,-1.6585937500,2.7532745361,7.6063401051,0.8785156250,0.7720664978,0.5969378509
2.110000,-1.6734375000,2.8004943848,7.8439093106,0.8886718750,0.7897407532,0.6237000976
2.120000,-1.6406250000,2.6949157715,7.2977871873,0.8761718750,0.7690818787,0.5955885412
2.130000,-1.6773437500,2.8151824951,7.9443572359,0.8828125000,0.7796447754,0.6087464592
2.140000,-1.6437500000,2.7034912109,7.3258565987,0.8527343750,0.7277442932,0.5313272115
2.150000,-1.6093750000,2.5915222168,6.7309471422,0.8667968750,0.7515464783,0.5654521892
2.160000,-1.6460937500,2.7118927002,7.3785220668,0.8468750000,0.7187973022,0.5211121993
2.170000,-1.5492187500,2.4016510010,5.7831830442,0.8199218750,0.6732246399,0.4558731787
2.180000,-1.5289062500,2.3393951416,5.4902432750,0.7507812500,0.5659622192,0.3257770877
2.190000,-1.4937500000,2.2339904785,5.0148435780,0.6796875000,0.4652297974,0.2225104297
2.200000,-1.5507812500,2.4109344482,5.8707648338,0.8039062500,0.6489089966,0.4280737395
2.210000,-1.5765625000,2.4931762695,6.2911844738,0.8132812500,0.6663803101,0.4569180625
2.220000,-1.4617187500,2.1393341064,4.5996654690,0.7078125000,0.5061721802,0.2664374802
2.230000,-1.5570312500,2.4267852783,5.9130859927,0.7925781250,0.6295738220,0.3998845779
2.240000,-1.5515625000,2.4141601562,5.8928808721,0.8167968750,0.6686363220,0.4509872145
2.250000,-1.5046875000,2.2687805176,5.1885408075,0.7441406250,0.5596214294,0.3258084739
2.260000,-1.4226562500,2.0247222900,4.1057772369,0.6410156250,0.4132453918,0.1748710195
2.270000,-1.4476562500,2.0965545654,4.4027602577,0.6675781250,0.4468620300,0.2017210113
2.280000,-1.3765625000,1.8963378906,3.6065525996,0.6273437500,0.3959381104,0.1605624406
2.290000,-1.3445312500,1.8120880127,3.3141696364,0.4179687500,0.1819961548,0.0389916116
2.300000,-1.4117187500,1.9981597900,4.0336577984,0.6531250000,0.4278244019,0.1851281625
2.310000,-1.2593750000,1.5897521973,2.5515170299,0.3824218750,0.1626075745,0.0362975537
2.320000,-1.3148437500,1.7316864014,3.0186995061,0.3667968750,0.1665641785,0.0449239402
2.330000,-1.2257812500,1.5056243896,2.2851584816,0.0746093750,0.0071617126,0.0000885327
2.340000,-1.2476562500,1.5608734131,2.4614248285,0.3636718750,0.1567558289,0.0361459334
2.350000,-1.3625000000,1.8584289551,3.4689762318,0.6828125000,0.4693145752,0.2258000900
2.360000,-1.3289062500,1.7728973389,3.1939204232,0.5476562500,0.3137557983,0.1127823887
2.370000,-1.2515625000,1.5690795898,2.4792613648,0.2128906250,0.0565940857,0.0052092735
2.380000,-1.2343750000,1.5262878418,2.3456398682,0.3441406250,0.1760963440,0.0540554802
2.390000,-1.2710937500,1.6228729248,2.6806533494,0.5476562500,0.3076858521,0.1037602859
2.400000,-1.2765625000,1.6400939941,2.7606901475,0.5664062500,0.3465744019,0.1534442415
2.410000,-1.2328125000,1.5225646973,2.3345607095,0.3042968750,0.1022453308,0.0130536922
2.420000,-1.2953125000,1.6877746582,2.9153030352,0.4082031250,0.2149620056,0.0792445501
2.430000,-1.1226562500,1.2614471436,1.5967637116,0.1871093750,0.0432899475,0.0025068903
2.440000,-1.1375000000,1.2959289551,1.6895215974,0.0878906250,0.0121879578,0.0004186393
2.450000,-1.1539062500,1.3409088135,1.8480035097,0.3238281250,0.1094474792,0.0138019764
2.460000,-1.1015625000,1.2156250000,1.4883722784,0.1644531250,0.0363792419,0.0021180410
2.470000,-1.1640625000,1.3595458984,1.8729893679,0.3253906250,0.1090110779,0.0131082819
2.480000,-1.1507812500,1.3293792725,1.7946939708,0.2550781250,0.0973381042,0.0171175658
2.490000,-1.1171875000,1.2520935059,1.5867263661,0.0718750000,0.0089843750,0.0002631052
2.500000,-1.0679687500,1.1518646240,1.3785617964,0.2261718750,0.1098609924,0.0301438998
2.510000,-1.0609375000,1.1294677734,1.2935930723,0.2898437500,0.1162109375,0.0237760143
2.520000,-1.1351562500,1.2946563721,1.7079701514,0.1960937500,0.0604888916,0.0085727752
2.530000,-1.1562500000,1.3387878418,1.8023109817,0.3921875000,0.1606231689,0.0298117750
2.540000,-1.0656250000,1.1359741211,1.2923267761,0.2171875000,0.0600814819,0.0054552740
2.550000,-1.0570312500,1.1183929443,1.2557617025,0.2824218750,0.0826316833,0.0076061990
2.560000,-1.0484375000,1.1092285156,1.2764073240,0.1863281250,0.0523887634,0.0062432856
2.570000,-1.1140625000,1.2433959961,1.5579066793,0.1019531250,0.0140632629,0.0003826924
2.580000,-1.0375000000,1.0770324707,1.1627784268,0.1718750000,0.0408218384,0.0038315738
2.590000,-1.0507812500,1.1056549072,1.2292183364,0.1914062500,0.0495681763,0.0053924435
2.600000,-1.0257812500,1.0554901123,1.1281501958,0.0750000000,0.0102066040,0.0003471788
2.610000,-0.9718750000,0.9451354980,0.8954630666,0.1140625000,0.0198348999,0.0006732760
2.620000,-1.0593750000,1.1257873535,1.2837275916,0.1429687500,0.0270935059,0.0011428497
2.630000,-1.0242187500,1.0499237061,1.1061423623,0.1171875000,0.0185806274,0.0005488050
2.640000,-0.9570312500,0.9186248779,0.8534835362,0.1078125000,0.0137100220,0.0003297416
2.650000,-0.9593750000,0.9222839355,0.8575761602,0.0660156250,0.0070854187,0.0001507938
2.660000,-1.0054687500,1.0134368896,1.0370648289,0.2281250000,0.0649734497,0.0081166918
2.670000,-0.9710937500,0.9438201904,0.8937080169,0.1062500000,0.0124496460,0.0002009178
2.680000,-0.9640625000,0.9364379883,0.9037547858,0.1320312500,0.0223297119,0.0009014338
2.690000,-0.9718750000,0.9482238770,0.9133144491,0.0878906250,0.0103446960,0.0001947918
2.700000,-0.9640625000,0.9311462402,0.8731839568,0.1023437500,0.0130035400,0.0003068593
2.710000,-0.9757812500,0.9560760498,0.9284620443,0.0691406250,0.0087348938,0.0001672746
2.720000,-0.9921875000,0.9891052246,0.9962703601,0.0988281250,0.0143272400,0.0003872130
2.730000,-0.9359375000,0.8766479492,0.7709046343,0.1851562500,0.0521545410,0.0048305758
2.740000,-0.9226562500,0.8541595459,0.7391687149,0.1933593750,0.0424430847,0.0026432132
2.750000,-0.9070312500,0.8244293213,0.6854754329,0.0562500000,0.0041534424,0.0000319380
2.760000,-0.9117187500,0.8337921143,0.7037089460,0.1414062500,0.0217361450,0.0006307611
2.770000,-0.9234375000,0.8570861816,0.7490681649,0.1070312500,0.0248306274,0.0024483773
2.780000,-0.8710937500,0.7628875732,0.5941187309,0.0949218750,0.0127021790,0.0003808491
2.790000,-0.8960937500,0.8045318604,0.6523040303,0.0406250000,0.0031539917,0.0000237340
2.800000,-0.8851562500,0.7869354248,0.6304740393,0.1382812500,0.0282897949,0.0021713169
2.810000,-0.8929687500,0.7983001709,0.6402798945,0.0910156250,0.0127433777,0.0004626295
2.820000,-0.8820312500,0.7805267334,0.6168243670,0.1695312500,0.0289901733,0.0008667122
2.830000,-0.8929687500,0.7999114990,0.6480969199,0.0578125000,0.0062088013,0.0001340998
2.840000,-0.8421875000,0.7109802246,0.5103398309,0.0535156250,0.0036125183,0.0000224073
2.850000,-0.8546875000,0.7324157715,0.5422760562,0.0843750000,0.0089019775,0.0001131834
2.860000,-0.8781250000,0.7732727051,0.6044051894,0.1210937500,0.0173522949,0.0003901576
2.870000,-0.8687500000,0.7560241699,0.5753784240,0.1191406250,0.0183494568,0.0006626326
2.880000,-0.8960937500,0.8059844971,0.6589616523,0.0429687500,0.0022750854,0.0000082274
2.890000,-0.8671875000,0.7575866699,0.5920476102,0.0632812500,0.0068557739,0.0001067615
2.900000,-0.8289062500,0.6884979248,0.4778577813,0.1304687500,0.0195785522,0.0005808057
2.910000,-0.8781250000,0.7735595703,0.6061718950,0.0968750000,0.0127166748,0.0003560288
2.920000,-0.8789062500,0.7809844971,0.6338657164,0.0429687500,0.0023300171,0.0000098137
2.930000,-0.8679687500,0.7582122803,0.5884892085,0.0777343750,0.0085441589,0.0001308449
2.940000,-0.8570312500,0.7357757568,0.5453036034,0.1015625000,0.0127578735,0.0002599441
2.950000,-0.8523437500,0.7272064209,0.5309104787,0.1078125000,0.0122390747,0.0001810243
2.960000,-0.8570312500,0.7371856689,0.5509732582,0.0722656250,0.0066993713,0.0000787843
2.970000,-0.8570312500,0.7397918701,0.5611118720,0.0765625000,0.0085449219,0.0001270361
2.980000,-0.8351562500,0.6983489990,0.4901603320,0.0601562500,0.0055007935,0.0000626967
2.990000,-0.8296875000,0.6915466309,0.4862921917,0.1335937500,0.0207702637,0.0006311839
3.000000,-0.8617187500,0.7468719482,0.5710928263,0.1175781250,0.0155052185,0.0003387910
