# Temp,E,E^2,E^4,M,M^2,M^4
1.500000,-1.9505244444,3.8045512146,14.4746953813,0.9862222433,0.9726348758,0.9460207921
1.510000,-1.9487911111,3.7977906572,14.4232725693,0.9858489037,0.9718984497,0.9445881084
1.520000,-1.9466488889,3.7894439032,14.3599155328,0.9851333499,0.9704879191,0.9418475858
1.530000,-1.9468000000,3.7900341187,14.3644173961,0.9851733446,0.9705669210,0.9420017088
1.540000,-1.9436888889,3.7779277728,14.2727575433,0.9844133377,0.9690696437,0.9390960682
1.550000,-1.9407466667,3.7665069250,14.1867144859,0.9834844589,0.9672428018,0.9355629726
1.560000,-1.9367377778,3.7509536644,14.0696600602,0.9822888970,0.9648915778,0.9310161449
1.570000,-1.9368977778,3.7515744905,14.0743335027,0.9821689010,0.9646559477,0.9305618602
1.580000,-1.9322844444,3.7337276555,13.9407890816,0.9808933496,0.9621522466,0.9257388047
1.590000,-1.9289422222,3.7208222262,13.8445795663,0.9801333547,0.9606617339,0.9228722777
1.600000,-1.9281600000,3.7178073023,13.8221850809,0.9796489000,0.9597122777,0.9210488477
1.610000,-1.9257333333,3.7084667666,13.7529909627,0.9789733410,0.9583906282,0.9185195893
1.620000,-1.9205866667,3.6886552344,13.6062082739,0.9773555756,0.9552240133,0.9124532681
1.630000,-1.9204977778,3.6883168190,13.6037563015,0.9773466706,0.9552069228,0.9124218259
1.640000,-1.9151822222,3.6679267698,13.4537429212,0.9753733397,0.9513537355,0.9050761524
1.650000,-1.9135733333,3.6617667299,13.4085916368,0.9749911308,0.9506080455,0.9036569497
1.660000,-1.9118311111,3.6551030546,13.3598493458,0.9744488955,0.9495510027,0.9016484469
1.670000,-1.9081688889,3.6411191455,13.2579034334,0.9732800007,0.9472755555,0.8973370186
1.680000,-1.9032800000,3.6224828164,13.1224985536,0.9718311191,0.9444567218,0.8920022690
1.690000,-1.9038488889,3.6246417995,13.1380456839,0.9718000174,0.9443954697,0.8918835433
1.700000,-1.8999822222,3.6099554923,13.0321121083,0.9708488941,0.9425498480,0.8884087872
1.710000,-1.8951822222,3.5917225213,12.9005692172,0.9692488909,0.9394440954,0.8825577735
1.720000,-1.8896977778,3.5709593177,12.7517736820,0.9673111200,0.9356909922,0.8755183412
1.730000,-1.8864533333,3.5587158692,12.6645966128,0.9662000179,0.9335436099,0.8715079118
1.740000,-1.8847911111,3.5524572456,12.6202329422,0.9656977892,0.9325744298,0.8697033230
1.750000,-1.8836088889,3.5479913039,12.5883680284,0.9654266715,0.9320502690,0.8687237096
1.760000,-1.8771377778,3.5236502542,12.4161677431,0.9628622174,0.9271048285,0.8595277352
1.770000,-1.8694577778,3.4948812168,12.2143181490,0.9605200171,0.9226001154,0.8511961814
1.780000,-1.8687022222,3.4920739947,12.1949430530,0.9603955746,0.9223633127,0.8507675329
1.790000,-1.8645066667,3.4763990040,12.0855432885,0.9586933374,0.9190936861,0.8447360390
1.800000,-1.8580888889,3.4525078997,11.9199980830,0.9559644580,0.9138691360,0.8351607835
1.810000,-1.8592444444,3.4567971378,11.9495463739,0.9569955707,0.9158425960,0.8387752475
1.820000,-1.8494577778,3.4205079530,11.7000648944,0.9535289049,0.9092193040,0.8266867708
1.830000,-1.8485600000,3.4171927945,11.6774620908,0.9531333327,0.9084668079,0.8253252114
1.840000,-1.8453955556,3.4055120604,11.5978844975,0.9510755777,0.9045504955,0.8182323611
1.850000,-1.8363288889,3.3721298603,11.3716100459,0.9480711341,0.8988440453,0.8079391555
1.860000,-1.8318755556,3.3557716290,11.2612512998,0.9470222354,0.8968513692,0.8043432925
1.870000,-1.8260266667,3.3343907097,11.1183926717,0.9447288990,0.8925160079,0.7965966808
1.880000,-1.8230577778,3.3235553391,11.0462285543,0.9442755580,0.8916604140,0.7950728550
1.890000,-1.8158844444,3.2974608288,10.8735708899,0.9410666823,0.8856129178,0.7843329291
1.900000,-1.8120355556,3.2834782720,10.7813007501,0.9392578006,0.8822058817,0.7782895688
1.910000,-1.8054044444,3.2595147939,10.6248228722,0.9369955540,0.8779645821,0.7708355776
1.920000,-1.7977155556,3.2317871135,10.4445242149,0.9334577799,0.8713458337,0.7592519552
1.930000,-1.7915911111,3.2098116188,10.3030561918,0.9309644461,0.8666959257,0.7511657297
1.940000,-1.7882044444,3.1977053049,10.2257047507,0.9292577863,0.8635236701,0.7456856644
1.950000,-1.7820977778,3.1758784040,10.0862788524,0.9276222348,0.8604845481,0.7404389531
1.960000,-1.7787022222,3.1637966151,10.0097989317,0.9259111047,0.8573141718,0.7349971809
1.970000,-1.7630577778,3.1083888640,9.6622816405,0.9185955763,0.8438189874,0.7120343786
1.980000,-1.7613777778,3.1024608012,9.6253762847,0.9183644533,0.8433963649,0.7113278769
1.990000,-1.7528177778,3.0723896747,9.4398176477,0.9145644426,0.8364357813,0.6996503350
2.000000,-1.7468800000,3.0516035240,9.3124521622,0.9115689039,0.8309607848,0.6905055254
2.010000,-1.7368266667,3.0165845345,9.0999952334,0.9068489075,0.8223797851,0.6763244527
2.020000,-1.7292711111,2.9903832000,8.9424469251,0.9042577863,0.8176828632,0.6686076165
2.030000,-1.7245688889,2.9741511498,8.8457332354,0.9035777807,0.8164539965,0.6666010200
2.040000,-1.7190666667,2.9552042884,8.7333987046,0.8994266868,0.8089753315,0.6544636450
2.050000,-1.7081244444,2.9177045879,8.5131805660,0.8948800087,0.8008124088,0.6413074927
2.060000,-1.6972622222,2.8807190858,8.2987734397,0.8894844413,0.7911878757,0.6259950205
2.070000,-1.6864000000,2.8439949100,8.0888744676,0.8831155777,0.7799062502,0.6082947599
2.080000,-1.6801955556,2.8230630692,7.9697524720,0.8774177909,0.7698670791,0.5927109848
2.090000,-1.6696533333,2.7877916334,7.7723318794,0.8756177783,0.7667194593,0.5878983427
2.100000,-1.6611822222,2.7596170283,7.6164872290,0.8708400130,0.7583997887,0.5752836083
2.110000,-1.6536000000,2.7344336759,7.4775723516,0.8658755660,0.7497674708,0.5622319032
2.120000,-1.6467555556,2.7118281142,7.3542751099,0.8624355674,0.7438009851,0.5532573768
2.130000,-1.6331288889,2.6671995895,7.1149087726,0.8530844569,0.7278013396,0.5298351774
2.140000,-1.6252711111,2.6415483880,6.9782222858,0.8489600062,0.7207595551,0.5195700207
2.150000,-1.6105688889,2.5939852069,6.7293094616,0.8386177897,0.7033111504,0.4947346503
2.160000,-1.5960355556,2.5474164227,6.4902176698,0.8290089011,0.6873057438,0.4725262585
2.170000,-1.5806666667,2.4985149065,6.2426548150,0.8119688988,0.6593070880,0.4347218128
2.180000,-1.5755555556,2.4824045882,6.1626242771,0.8059688926,0.6496054859,0.4220385754
2.190000,-1.5641422222,2.4466210765,5.9867459651,0.8025377870,0.6440953910,0.4149325831
2.200000,-1.5461333333,2.3905704446,5.7152295741,0.7905911207,0.6250549618,0.3907452857
2.210000,-1.5294222222,2.3392106825,5.4726456605,0.7701244593,0.5931498557,0.3519658216
2.220000,-1.5199733333,2.3104061752,5.3387846214,0.7654933453,0.5860276611,0.3435405836
2.230000,-1.5111466667,2.2836712194,5.2161344505,0.7645066738,0.5845570246,0.3419107807
2.240000,-1.4946666667,2.2341368059,4.9923323379,0.7473377943,0.5585684219,0.3121206451
2.250000,-1.4745866667,2.1744620030,4.7287723132,0.7205733299,0.5193968683,0.2701282147
2.260000,-1.4556355556,2.1189539836,4.4906362538,0.6797777891,0.4621222771,0.2136019133
2.270000,-1.4324088889,2.0518379583,4.2103913377,0.6572844386,0.4321180950,0.1868903490
2.280000,-1.4110400000,1.9911217643,3.9652599622,0.6145022392,0.3776345339,0.1426404438
2.290000,-1.3969511111,1.9515421270,3.8090609758,0.5780088902,0.3343031788,0.1120414811
2.300000,-1.3693688889,1.8751854159,3.5164273713,0.5221644521,0.2727173480,0.0744427811
2.310000,-1.3580088889,1.8442868749,3.4021228749,0.4873022318,0.2375811433,0.0565558042
2.320000,-1.3301333333,1.7693139413,3.1308909390,0.4506577849,0.2031272836,0.0412891412
2.330000,-1.3260177778,1.7583433154,3.0919135542,0.4478800058,0.2009414937,0.0406529132
2.340000,-1.2981866667,1.6853037993,2.8403511621,0.3936533391,0.1549965996,0.0240449367
2.350000,-1.2793688889,1.6368393643,2.6796016934,0.3211377800,0.1032160793,0.0106896561
2.360000,-1.2609333333,1.5899697000,2.5281109715,0.2864311099,0.0820729530,0.0067460265
2.370000,-1.2549955556,1.5750196397,2.4807234030,0.2516311198,0.0633366131,0.0040161499
2.380000,-1.2381688889,1.5331529940,2.3511156244,0.2200088948,0.0487030723,0.0024315313
2.390000,-1.2199111111,1.4882200628,2.2150199374,0.1871555567,0.0353426060,0.0012912545
2.400000,-1.2154311111,1.4773588480,2.1830994125,0.1326355577,0.0177312532,0.0003239978
2.410000,-1.2029688889,1.4471798313,2.0945934729,0.1127911121,0.0128874845,0.0001741385
2.420000,-1.1860088889,1.4066292796,1.9786747133,0.0566000007,0.0032795032,0.0000118154
2.430000,-1.1580533333,1.3411002742,1.7986182910,0.0121911113,0.0002846976,0.0000001905
2.440000,-1.1645777778,1.3563107346,1.8399539391,0.0256533336,0.0007279392,0.0000007009
2.450000,-1.1525688889,1.3284565965,1.7650174940,0.0284933338,0.0009730453,0.0000016302
2.460000,-1.1453866667,1.3119285815,1.7212509614,0.0200133335,0.0005666903,0.0000005843
2.470000,-1.1335733333,1.2850004998,1.6512880095,0.0423955550,0.0023933249,0.0000091201
2.480000,-1.1245955556,1.2647241509,1.5995726126,0.0454800002,0.0021018668,0.0000046845
2.490000,-1.1124266667,1.2375018090,1.5314538384,0.0148622226,0.0002554781,0.0000001047
2.500000,-1.1077066667,1.2270231447,1.5056304046,0.0059733334,0.0000589043,0.0000000081
2.510000,-1.0912266667,1.1908721134,1.4186411790,0.0278977780,0.0008845801,0.0000011154
2.520000,-1.0896977778,1.1874625790,1.4101684576,0.0275200004,0.0011864591,0.0000034530
2.530000,-1.0829333333,1.1727765436,1.3755544186,0.0316755556,0.0011077467,0.0000018204
2.540000,-1.0701155556,1.1452349029,1.3119640648,0.0116533333,0.0001763186,0.0000000539
2.550000,-1.0702488889,1.1455315741,1.3126975614,0.0109200001,0.0002185115,0.0000001129
2.560000,-1.0564533333,1.1161833904,1.2462645637,0.0202133335,0.0004629977,0.0000002898
2.570000,-1.0514044444,1.1054764741,1.2221896255,0.0139822224,0.0002383967,0.0000001035
2.580000,-1.0428000000,1.0874604512,1.1826951340,0.0143155556,0.0002909020,0.0000001595
2.590000,-1.0299644444,1.0608861515,1.1257309247,0.0047244446,0.0000280536,0.0000000015
2.600000,-1.0296711111,1.0602337035,1.1241427331,0.0176133329,0.0004112639,0.0000003120
2.610000,-1.0221600000,1.0448276160,1.0917340292,0.0201733338,0.0006118917,0.0000008110
2.620000,-1.0152622222,1.0307825071,1.0626157694,0.0155333336,0.0002782154,0.0000001242
2.630000,-1.0113511111,1.0228521936,1.0463125508,0.0176977777,0.0004045110,0.0000002735
2.640000,-0.9998311111,0.9997330319,0.9997515019,0.0136844448,0.0002457267,0.0000001123
2.650000,-0.9957511111,0.9915545197,0.9833162076,0.0196711113,0.0005626175,0.0000008012
2.660000,-0.9870222222,0.9743110890,0.9496632588,0.0168666670,0.0003971711,0.0000002983
2.670000,-0.9851733333,0.9705694538,0.9420165646,0.0125511114,0.0002506270,0.0000001720
2.680000,-0.9815288889,0.9634534550,0.9284521656,0.0066622223,0.0000945338,0.0000000221
2.690000,-0.9733066667,0.9473469784,0.8975468306,0.0109866668,0.0001462487,0.0000000276
2.700000,-0.9597600000,0.9211612512,0.8486193203,0.0092711113,0.0001740354,0.0000001049
2.710000,-0.9593066667,0.9203105446,0.8471231339,0.0161377778,0.0003084969,0.0000001501
2.720000,-0.9465511111,0.8959911407,0.8029151746,0.0103866669,0.0001528690,0.0000000524
2.730000,-0.9393333333,0.8823863320,0.7787436984,0.0095066668,0.0001755207,0.0000000876
2.740000,-0.9411377778,0.8857847893,0.7847730298,0.0069377779,0.0000697263,0.0000000139
2.750000,-0.9340533333,0.8724737126,0.7612735509,0.0083244446,0.0000947829,0.0000000179
2.760000,-0.9342933333,0.8729488561,0.7621963550,0.0107155557,0.0001672363,0.0000000556
2.770000,-0.9269333333,0.8592291437,0.7383561957,0.0086622226,0.0001051604,0.0000000205
2.780000,-0.9262577778,0.8579709400,0.7361743001,0.0060533333,0.0000677412,0.0000000138
2.790000,-0.9120711111,0.8319315484,0.6923022967,0.0101822222,0.0001500637,0.0000000626
2.800000,-0.9116888889,0.8311849683,0.6908962617,0.0038444445,0.0000247055,0.0000000016
2.810000,-0.9013066667,0.8123631000,0.6599643393,0.0086088889,0.0001099067,0.0000000287
2.820000,-0.9016800000,0.8130838009,0.6612896801,0.0044355557,0.0000481424,0.0000000101
2.830000,-0.8924355556,0.7964550246,0.6343846791,0.0059777779,0.0000514205,0.0000000056
2.840000,-0.8849511111,0.7831675287,0.6134421736,0.0105555558,0.0001317216,0.0000000282
2.850000,-0.8845333333,0.7824258837,0.6122735245,0.0078933334,0.0000802841,0.0000000111
2.860000,-0.8804088889,0.7751320960,0.6008677936,0.0098000003,0.0001642535,0.0000000655
2.870000,-0.8721066667,0.7605854080,0.5785369780,0.0127555557,0.0001789778,0.0000000458
2.880000,-0.8687377778,0.7547166274,0.5696313575,0.0076133334,0.0000701301,0.0000000081
2.890000,-0.8612266667,0.7417157483,0.5501552320,0.0103733332,0.0001606852,0.0000000540
2.900000,-0.8571288889,0.7346872885,0.5398165334,0.0112577778,0.0001788281,0.0000000758
2.910000,-0.8520711111,0.7260483153,0.5272132760,0.0058311113,0.0000500956,0.0000000055
2.920000,-0.8555288889,0.7319400545,0.5357666584,0.0168711116,0.0003892478,0.0000003590
2.930000,-0.8485422222,0.7200690422,0.5186295980,0.0073777778,0.0000836988,0.0000000203
2.940000,-0.8393155556,0.7044768004,0.4963611739,0.0114044446,0.0002011641,0.0000001060
2.950000,-0.8396888889,0.7051101531,0.4972733847,0.0036800000,0.0000195115,0.0000000008
2.960000,-0.8328444444,0.6936410434,0.4811688417,0.0101866668,0.0001240972,0.0000000204
2.970000,-0.8339288889,0.6955263427,0.4840065871,0.0095866668,0.0001680005,0.0000001069
2.980000,-0.8224622222,0.6764633485,0.4576547220,0.0073288890,0.0000875075,0.0000000174
2.990000,-0.8233155556,0.6779486258,0.4598835067,0.0124888891,0.0002148682,0.0000000852
3.000000,-0.8180000000,0.6691450742,0.4478115899,0.0053999999,0.0000436627,0.0000000041
