# Temp,E,E^2,E^4,M,M^2,M^4
1.500000,-1.9510480404,3.8065884580,14.4901157209,0.9864767790,0.9731364358,0.9469945238
1.510000,-1.9491092563,3.7990268996,14.4326054870,0.9859050751,0.9720088177,0.9448011444
1.520000,-1.9470788836,3.7911161818,14.3725619445,0.9853079438,0.9708317443,0.9425142766
1.530000,-1.9449316144,3.7827589887,14.3092656274,0.9846679687,0.9695710090,0.9400679429
1.540000,-1.9427513838,3.7742829455,14.2452118478,0.9840191245,0.9682936384,0.9375925738
1.550000,-1.9404987097,3.7655352494,14.1792558227,0.9833513618,0.9669799012,0.9350501312
1.560000,-1.9381769419,3.7565298637,14.1115167027,0.9826541901,0.9656092580,0.9324012420
1.570000,-1.9358406425,3.7474790038,14.0435990453,0.9819477081,0.9642213023,0.9297227228
1.580000,-1.9333398342,3.7378029187,13.9711707206,0.9811849475,0.9627239014,0.9268373113
1.590000,-1.9307867169,3.7279373506,13.8975169540,0.9804014325,0.9611869695,0.9238803930
1.600000,-1.9282436013,3.7181233908,13.8244416194,0.9796244860,0.9596641340,0.9209552521
1.610000,-1.9254969835,3.7075386399,13.7458428608,0.9787770033,0.9580044224,0.9177724741
1.620000,-1.9229243159,3.6976379309,13.6725263586,0.9779725313,0.9564302729,0.9147588701
1.630000,-1.9200824142,3.6867164849,13.5918785555,0.9770909548,0.9547067346,0.9114649517
1.640000,-1.9171454191,3.6754465637,13.5089075262,0.9761560440,0.9528806230,0.9079814844
1.650000,-1.9141225815,3.6638652621,13.4239087349,0.9752121925,0.9510388213,0.9044748428
1.660000,-1.9112367034,3.6528257446,13.3431360391,0.9742921710,0.9492452352,0.9010665196
1.670000,-1.9081285238,3.6409544729,13.2565496115,0.9733078480,0.9473281680,0.8974306618
1.680000,-1.9048355460,3.6283984635,13.1652754985,0.9722357154,0.9452422869,0.8934829835
1.690000,-1.9015194178,3.6157761061,13.0738369935,0.9711699128,0.9431710004,0.8895715392
1.700000,-1.8981643796,3.6030280142,12.9818109043,0.9700754762,0.9410464297,0.8855683839
1.710000,-1.8947946787,3.5902468978,12.8898731245,0.9689721704,0.9389070692,0.8815464933
1.720000,-1.8910637140,3.5761219811,12.7886485743,0.9677329183,0.9365070016,0.8770453662
1.730000,-1.8875121832,3.5627022539,12.6928475247,0.9665460467,0.9342112631,0.8727506941
1.740000,-1.8837273955,3.5484289118,12.5913478996,0.9652880311,0.9317809843,0.8682158078
1.750000,-1.8798211694,3.5337276366,12.4872311192,0.9639528036,0.9292050086,0.8634219519
1.760000,-1.8761194348,3.5198241565,12.3891624129,0.9626960278,0.9267836434,0.8589279276
1.770000,-1.8720188737,3.5044546787,12.2812028082,0.9613075376,0.9241121840,0.8539833367
1.780000,-1.8679183841,3.4891191077,12.1739524018,0.9598803520,0.9213702929,0.8489232266
1.790000,-1.8637661576,3.4736243046,12.0660660086,0.9584386945,0.9186047342,0.8438346694
1.800000,-1.8593521237,3.4571903488,11.9521655060,0.9568693519,0.9155989604,0.8383214705
1.810000,-1.8549480915,3.4408324471,11.8393282727,0.9553146362,0.9126260567,0.8328863287
1.820000,-1.8502983451,3.4236039788,11.7210643810,0.9536311626,0.9094123952,0.8270309077
1.830000,-1.8455643773,3.4061078788,11.6015709921,0.9519260883,0.9061632790,0.8211318929
1.840000,-1.8408731461,3.3888139723,11.4840605789,0.9502120018,0.9029028527,0.8152335771
1.850000,-1.8359125733,3.3705749964,11.3607760678,0.9483940363,0.8994512516,0.8090125667
1.860000,-1.8309640288,3.3524292894,11.2387823342,0.9465367913,0.8959319013,0.8026939861
1.870000,-1.8255510092,3.3326365162,11.1064665361,0.9445209503,0.8921198302,0.7958778079
1.880000,-1.8204555869,3.3140585738,10.9829846277,0.9425394058,0.8883805376,0.7892200011
1.890000,-1.8151239038,3.2946747960,10.8548821431,0.9405371308,0.8846100971,0.7825350330
1.900000,-1.8096836329,3.2749548584,10.7253294223,0.9383909941,0.8805776592,0.7754170192
1.910000,-1.8037585974,3.2535450903,10.5855558193,0.9360378742,0.8761669070,0.7676684665
1.920000,-1.7979443192,3.2326038300,10.4497282323,0.9337387204,0.8718680078,0.7601538570
1.930000,-1.7921481609,3.2117950980,10.3156286152,0.9313880920,0.8674837949,0.7525281931
1.940000,-1.7858474612,3.1892511856,10.1713235180,0.9287983894,0.8626664520,0.7441934205
1.950000,-1.7795861006,3.1669267706,10.0294261991,0.9262008429,0.8578480239,0.7359033098
1.960000,-1.7730301142,3.1436358360,9.8824469009,0.9234450102,0.8527506994,0.7271837981
1.970000,-1.7665196061,3.1205915352,9.7380917338,0.9206019640,0.8475079811,0.7182697950
1.980000,-1.7598023891,3.0969044834,9.5908178075,0.9177535534,0.8422715943,0.7094214707
1.990000,-1.7528472185,3.0724733831,9.4400928326,0.9145966291,0.8364869975,0.6997105084
2.000000,-1.7457258344,3.0475587215,9.2876145603,0.9114224672,0.8306909290,0.6900474701
2.010000,-1.7383048654,3.0217038306,9.1306943497,0.9080579877,0.8245693273,0.6799146361
2.020000,-1.7307614207,2.9955351403,8.9732313138,0.9045264959,0.8181682087,0.6693993059
2.030000,-1.7231758833,2.9693351664,8.8169518258,0.9008764505,0.8115784059,0.6586595959
2.040000,-1.7150312066,2.9413321038,8.6514352995,0.8969377875,0.8044974158,0.6472161600
2.050000,-1.7069488645,2.9136745391,8.4895006398,0.8929456592,0.7973520096,0.6357704168
2.060000,-1.6986099601,2.8852758845,8.3248179458,0.8887695789,0.7899114111,0.6239601849
2.070000,-1.6899216294,2.8558352301,8.1557961916,0.8842290521,0.7818610942,0.6113070139
2.080000,-1.6809221506,2.8254993602,7.9834475811,0.8794300318,0.7733972519,0.5981435293
2.090000,-1.6718105912,2.7949508592,7.8117526120,0.8744114518,0.7645955913,0.5846070434
2.100000,-1.6626229882,2.7643153683,7.6414413050,0.8693021655,0.7556864104,0.5710624210
2.110000,-1.6530212402,2.7324794259,7.4664460573,0.8638004780,0.7461514970,0.5567427470
2.120000,-1.6427654028,2.6986782952,7.2828659076,0.8576822519,0.7356190257,0.5411358819
2.130000,-1.6324770093,2.6649817108,7.1021331153,0.8513037324,0.7247184977,0.5252182143
2.140000,-1.6216152191,2.6296365588,6.9149951658,0.8445072293,0.7131930965,0.5086462088
2.150000,-1.6106383920,2.5941564105,6.7296514349,0.8370769739,0.7006984688,0.4909800510
2.160000,-1.5989963651,2.5567898741,6.5371795621,0.8289829373,0.6872135604,0.4722648162
2.170000,-1.5875445724,2.5202978728,6.3519024124,0.8209538221,0.6739656226,0.4542308601
2.180000,-1.5751915932,2.4812299207,6.1565154781,0.8116750002,0.6588183081,0.4340468441
2.190000,-1.5623497725,2.4409376641,5.9581850077,0.8015783787,0.6425294662,0.4128481502
2.200000,-1.5494606853,2.4008293853,5.7639910607,0.7907067060,0.6252192168,0.3909043822
2.210000,-1.5356662273,2.3582723520,5.5614634920,0.7787046194,0.6063842631,0.3677100763
2.220000,-1.5210593820,2.3136234347,5.3528699858,0.7649327874,0.5851266931,0.3423838550
2.230000,-1.5063168883,2.2689929052,5.1483500286,0.7503749013,0.5630695755,0.3170633183
2.240000,-1.4909136534,2.2228264321,4.9409832370,0.7340799451,0.5388820264,0.2904125271
2.250000,-1.4746739030,2.1746657380,4.7291938609,0.7152540803,0.5115989527,0.2617551305
2.260000,-1.4580844283,2.1260136737,4.5199636964,0.6951766968,0.4832881835,0.2336014383
2.270000,-1.4401496172,2.0740352707,4.3016584366,0.6709677815,0.4502217369,0.2027428898
2.280000,-1.4215298414,2.0207532185,4.0834931339,0.6435394287,0.4141771770,0.1715994225
2.290000,-1.4023150682,1.9664930051,3.8671376898,0.6121008992,0.3747096794,0.1404707103
2.300000,-1.3831357241,1.9130713377,3.6598948320,0.5776010036,0.3336807794,0.1114201820
2.310000,-1.3626555800,1.8568384854,3.4479105069,0.5370975614,0.2885589602,0.0833646833
2.320000,-1.3422822475,1.8017295429,3.2462863965,0.4917608202,0.2419284222,0.0586259962
2.330000,-1.3220354199,1.7477860657,3.0548150034,0.4429601669,0.1963400644,0.0386488707
2.340000,-1.3024301291,1.6963313786,2.8775886129,0.3905523598,0.1526911153,0.0234123705
2.350000,-1.2835854053,1.6475986838,2.7146288411,0.3351036131,0.1124578011,0.0127204472
2.360000,-1.2651373029,1.6005771803,2.5618779712,0.2778972149,0.0773890257,0.0060394060
2.370000,-1.2486736655,1.5591890450,2.4310899617,0.2227790415,0.0497691847,0.0025047032
2.380000,-1.2339478731,1.5226307765,2.3184253433,0.1730873644,0.0300844161,0.0009201563
2.390000,-1.2199159384,1.4881967722,2.2147408078,0.1268182874,0.0161849777,0.0002685906
2.400000,-1.2070027232,1.4568570642,2.1224411958,0.0900405169,0.0081773309,0.0000691308
2.410000,-1.1951954484,1.4284930609,2.0405975754,0.0590964139,0.0035246749,0.0000128810
2.420000,-1.1840228915,1.4019108206,1.9653573874,0.0374748826,0.0014227604,0.0000021302
2.430000,-1.1731004357,1.3761656076,1.8938371537,0.0233804405,0.0005515007,0.0000003149
2.440000,-1.1627859712,1.3520717394,1.8281008268,0.0137925446,0.0001924589,0.0000000387
2.450000,-1.1526319742,1.3285607262,1.7650749753,0.0077855527,0.0000628255,0.0000000044
2.460000,-1.1428783774,1.3061715646,1.7060871810,0.0023045659,0.0000072757,0.0000000001
2.470000,-1.1332976460,1.2843639561,1.6495928352,0.0007496834,0.0000008248,0.0000000000
2.480000,-1.1243332267,1.2641253717,1.5980138007,0.0005542219,0.0000003725,0.0000000000
2.490000,-1.1153827071,1.2440789501,1.5477342601,0.0017155290,0.0000030109,0.0000000000
2.500000,-1.1065831065,1.2245262183,1.4994646877,0.0022369623,0.0000052021,0.0000000000
2.510000,-1.0976994038,1.2049441221,1.4518910174,0.0012346387,0.0000016976,0.0000000000
2.520000,-1.0894954681,1.1870003962,1.4089700404,0.0003750384,0.0000001718,0.0000000000
2.530000,-1.0812362790,1.1690721235,1.3667307174,0.0000986338,0.0000000149,0.0000000000
2.540000,-1.0732331276,1.1518293964,1.3267111897,0.0003428698,0.0000001198,0.0000000000
2.550000,-1.0656122804,1.1355296909,1.2894284005,0.0005593896,0.0000003926,0.0000000000
2.560000,-1.0578068018,1.1189553841,1.2520618419,0.0004621565,0.0000002580,0.0000000000
2.570000,-1.0503921390,1.1033239097,1.2173248158,0.0005741775,0.0000004621,0.0000000000
2.580000,-1.0429217696,1.0876859752,1.1830614663,0.0004677474,0.0000003720,0.0000000000
2.590000,-1.0358046055,1.0728912124,1.1510956894,0.0011113346,0.0000014273,0.0000000000
2.600000,-1.0286503434,1.0581217060,1.1196222942,0.0003290415,0.0000001645,0.0000000000
2.610000,-1.0213812590,1.0432197293,1.0883076251,0.0005052328,0.0000002959,0.0000000000
2.620000,-1.0144150615,1.0290380989,1.0589201584,0.0009440303,0.0000009605,0.0000000000
2.630000,-1.0079076290,1.0158777996,1.0320077482,0.0008456230,0.0000008518,0.0000000000
2.640000,-1.0012186527,1.0024388250,1.0048837357,0.0007270098,0.0000006924,0.0000000000
2.650000,-0.9947309732,0.9894899256,0.9790911698,0.0007778525,0.0000007058,0.0000000000
2.660000,-0.9880290270,0.9762013887,0.9529692704,0.0003158629,0.0000001306,0.0000000000
2.670000,-0.9819763780,0.9642776106,0.9298313249,0.0004977465,0.0000002778,0.0000000000
2.680000,-0.9758584023,0.9522997021,0.9068750306,0.0002920032,0.0000001262,0.0000000000
2.690000,-0.9696837783,0.9402866535,0.8841390794,0.0008425057,0.0000011625,0.0000000000
2.700000,-0.9636445999,0.9286109580,0.8623184713,0.0005107105,0.0000003418,0.0000000000
2.710000,-0.9578442335,0.9174655798,0.8417431055,0.0005551159,0.0000004864,0.0000000000
2.720000,-0.9516668439,0.9056698303,0.8202380175,0.0006073296,0.0000004449,0.0000000000
2.730000,-0.9460910082,0.8950884911,0.8011844644,0.0003314376,0.0000002336,0.0000000000
2.740000,-0.9403381109,0.8842358238,0.7818732078,0.0002755225,0.0000001583,0.0000000000
2.750000,-0.9348889589,0.8740174079,0.7639065777,0.0002740979,0.0000000995,0.0000000000
2.760000,-0.9292527318,0.8635106647,0.7456507547,0.0003557205,0.0000001733,0.0000000000
2.770000,-0.9240801454,0.8539241351,0.7291864972,0.0003932357,0.0000002327,0.0000000000
2.780000,-0.9186416030,0.8439024296,0.7121714284,0.0004519582,0.0000002820,0.0000000000
2.790000,-0.9131695747,0.8338787023,0.6953537905,0.0002365053,0.0000001076,0.0000000000
2.800000,-0.9080547333,0.8245634192,0.6799049003,0.0001809001,0.0000000484,0.0000000000
2.810000,-0.9029841423,0.8153804372,0.6648455051,0.0003254354,0.0000001325,0.0000000000
2.820000,-0.8981843114,0.8067351288,0.6508217988,0.0002877891,0.0000001251,0.0000000000
2.830000,-0.8930853248,0.7976014491,0.6361682368,0.0003060818,0.0000001323,0.0000000000
2.840000,-0.8881517053,0.7888134717,0.6222267569,0.0002927423,0.0000001308,0.0000000000
2.850000,-0.8832659602,0.7801588418,0.6086480850,0.0003552496,0.0000001613,0.0000000000
2.860000,-0.8783247471,0.7714544017,0.5951420183,0.0002209425,0.0000000745,0.0000000000
2.870000,-0.8736395121,0.7632460760,0.5825448137,0.0006367028,0.0000004132,0.0000000000
2.880000,-0.8690977454,0.7553308995,0.5705247929,0.0002997041,0.0000001048,0.0000000000
2.890000,-0.8642850757,0.7469887191,0.5579922273,0.0004868865,0.0000002500,0.0000000000
2.900000,-0.8601039767,0.7397789042,0.5472729850,0.0003566325,0.0000001657,0.0000000000
2.910000,-0.8554675698,0.7318248174,0.5355677225,0.0005307317,0.0000003347,0.0000000000
2.920000,-0.8511193514,0.7244041661,0.5247614417,0.0002815008,0.0000001426,0.0000000000
2.930000,-0.8464139104,0.7164165529,0.5132528069,0.0003546894,0.0000001595,0.0000000000
2.940000,-0.8421726704,0.7092548469,0.5030425519,0.0004358888,0.0000002710,0.0000000000
2.950000,-0.8378966212,0.7020708026,0.4929035654,0.0002922297,0.0000001219,0.0000000000
2.960000,-0.8336929440,0.6950439566,0.4830861895,0.0002872527,0.0000001030,0.0000000000
2.970000,-0.8296758652,0.6883621137,0.4738425990,0.0005239308,0.0000003204,0.0000000000
2.980000,-0.8255024910,0.6814544233,0.4643802965,0.0003353477,0.0000001493,0.0000000000
2.990000,-0.8213451028,0.6746078068,0.4550957709,0.0002127469,0.0000000641,0.0000000000
3.000000,-0.8172632933,0.6679193474,0.4461164064,0.0003834367,0.0000002016,0.0000000000
