# Temp,E,E^2,E^4,M,M^2,M^4
1.500000,-1.9502807617,3.8036025383,14.4675063096,0.9862487793,0.9726872539,0.9461228262
1.510000,-1.9503906250,3.8040262952,14.4706572557,0.9863281250,0.9728432853,0.9464245059
1.520000,-1.9455322266,3.7850961939,14.3269615104,0.9849365234,0.9701000500,0.9410944752
1.530000,-1.9457885742,3.7860962100,14.3345704701,0.9847900391,0.9698116854,0.9405357307
1.540000,-1.9398803711,3.7631377019,14.1612331770,0.9831909180,0.9666646104,0.9344413555
1.550000,-1.9402465820,3.7645613812,14.1719913331,0.9833374023,0.9669529464,0.9349999318
1.560000,-1.9372070313,3.7527797610,14.0834862860,0.9822998047,0.9649134591,0.9310601173
1.570000,-1.9369018555,3.7515920930,14.0744926515,0.9823547363,0.9650214007,0.9312685139
1.580000,-1.9341186523,3.7408207320,13.9938261757,0.9814331055,0.9632115435,0.9277788004
1.590000,-1.9316406250,3.7312382117,13.9221789923,0.9808105469,0.9619896833,0.9254255149
1.600000,-1.9282104492,3.7180049203,13.8237002159,0.9797485352,0.9599084601,0.9214291217
1.610000,-1.9271728516,3.7140029833,13.7939337623,0.9794738770,0.9593698630,0.9203935550
1.620000,-1.9211303711,3.6907546215,13.6218572706,0.9772583008,0.9550346121,0.9120942634
1.630000,-1.9206298828,3.6888227984,13.6074675577,0.9773498535,0.9552130746,0.9124333110
1.640000,-1.9175659180,3.6770681299,13.5209638662,0.9762023926,0.9529725710,0.9081622914
1.650000,-1.9131958008,3.6603334747,13.3982647374,0.9749511719,0.9505309742,0.9035136410
1.660000,-1.9108520508,3.6513712727,13.3327416512,0.9739379883,0.9485570375,0.8997674059
1.670000,-1.9094848633,3.6461547054,13.2947685026,0.9738464355,0.9483795842,0.8994340914
1.680000,-1.9051513672,3.6296130538,13.1742553527,0.9725830078,0.9459196672,0.8947714337
1.690000,-1.9063110352,3.6340276830,13.2062432773,0.9725769043,0.9459067093,0.8947428113
1.700000,-1.8978149414,3.6017102070,12.9724410647,0.9700378418,0.9409740282,0.8854344311
1.710000,-1.8915527344,3.5779866397,12.8022017328,0.9677490234,0.9365391437,0.8771092091
1.720000,-1.8911865234,3.5766029149,12.7923236714,0.9680297852,0.9370840169,0.8781352723
1.730000,-1.8849243164,3.5529426225,12.6234431393,0.9656188965,0.9324201440,0.8694084103
1.740000,-1.8831176758,3.5461640619,12.5757313183,0.9649353027,0.9311043253,0.8669708447
1.750000,-1.8811035156,3.5385524660,12.5213822777,0.9645141602,0.9302883733,0.8654394638
1.760000,-1.8793701172,3.5320481762,12.4755920836,0.9641296387,0.9295487663,0.8640713362
1.770000,-1.8711914062,3.5013626814,12.2596163824,0.9607910156,0.9231213663,0.8521604088
1.780000,-1.8678710938,3.4889456287,12.1727863513,0.9601379395,0.9218654359,0.8498379960
1.790000,-1.8643554687,3.4758351654,12.0816224018,0.9582458496,0.9182361247,0.8431613122
1.800000,-1.8591186523,3.4563560821,11.9468659030,0.9568603516,0.9155870721,0.8383192303
1.810000,-1.8557373047,3.4437670574,11.8596157861,0.9553588867,0.9127112638,0.8330442663
1.820000,-1.8509521484,3.4260466829,11.7381087792,0.9537292480,0.9096033094,0.8273921135
1.830000,-1.8446289063,3.4026845396,11.5786528634,0.9515319824,0.9054153761,0.8197851927
1.840000,-1.8397705078,3.3847625270,11.4567121477,0.9497924805,0.9021069493,0.8138012503
1.850000,-1.8376586914,3.3769955121,11.4041803189,0.9485473633,0.8997430351,0.8095408917
1.860000,-1.8270751953,3.3382252246,11.1440340463,0.9450439453,0.8931100849,0.7976528577
1.870000,-1.8235107422,3.3252128467,11.0573253717,0.9433105469,0.8898377452,0.7918217431
1.880000,-1.8218261719,3.3190687522,11.0164578442,0.9432861328,0.8897934668,0.7917492243
1.890000,-1.8151123047,3.2946427435,10.8548036520,0.9401184082,0.8838246582,0.7811532316
1.900000,-1.8113281250,3.2809167832,10.7645094156,0.9387817383,0.8813135214,0.7767218587
1.910000,-1.8038208008,3.2538431011,10.5884516476,0.9363281250,0.8767261323,0.7687039729
1.920000,-1.7951660156,3.2226345867,10.3855485219,0.9326843262,0.8699043861,0.7567487549
1.930000,-1.7899414063,3.2039058030,10.2652120892,0.9287048340,0.8624986948,0.7439248113
1.940000,-1.7851806641,3.1868939057,10.1565978859,0.9284790039,0.8620775905,0.7431926949
1.950000,-1.7815429687,3.1739016309,10.0737312929,0.9266174316,0.8586218266,0.7372381737
1.960000,-1.7712524414,3.1373722441,9.8435682398,0.9234558105,0.8527757773,0.7272440214
1.970000,-1.7652465820,3.1161445193,9.7109666188,0.9197753906,0.8459980384,0.7157507355
1.980000,-1.7591674805,3.0946933217,9.5774129187,0.9170715332,0.8410266018,0.7073473129
1.990000,-1.7527099609,3.0720216960,9.4376799767,0.9153503418,0.8378684802,0.7020310579
2.000000,-1.7439575195,3.0414528079,9.2512264470,0.9111267090,0.8301690141,0.6892372844
2.010000,-1.7384155273,3.0221173726,9.1335423691,0.9078613281,0.8242177952,0.6793534571
2.020000,-1.7291870117,2.9902124517,8.9428595047,0.9031188965,0.8156573242,0.6654063012
2.030000,-1.7239135742,2.9719383813,8.8331396404,0.9007202148,0.8113135938,0.6582842423
2.040000,-1.7173828125,2.9494107515,8.6991067785,0.8985168457,0.8073357673,0.6518015319
2.050000,-1.7034423828,2.9017868444,8.4211933615,0.8908996582,0.7937239187,0.6300667298
2.060000,-1.7020385742,2.8970557235,8.3943236048,0.8920654297,0.7958156247,0.6334335247
2.070000,-1.6936279297,2.8684023008,8.2280381811,0.8867614746,0.7863547908,0.6183818809
2.080000,-1.6796875000,2.8213625565,7.9602268888,0.8801940918,0.7747495415,0.6002613054
2.090000,-1.6687988281,2.7850068972,7.7575615762,0.8736022949,0.7632020103,0.5825414961
2.100000,-1.6692260742,2.7863405310,7.7639706917,0.8751464844,0.7658865709,0.5865981605
2.110000,-1.6460937500,2.7096959695,7.3432302953,0.8580688477,0.7363253534,0.5423027449
2.120000,-1.6462646484,2.7102249295,7.3457271159,0.8572204590,0.7348521614,0.5400823586
2.130000,-1.6348876953,2.6729161993,7.1451070060,0.8547119141,0.7305570688,0.5337857562
2.140000,-1.6163696289,2.6126790963,6.8263876279,0.8418945313,0.7087912243,0.5023986813
2.150000,-1.6115112305,2.5969916217,6.7446060877,0.8423400879,0.7095623383,0.5035510311
2.160000,-1.6031250000,2.5701138213,6.6065542655,0.8377197266,0.7018591207,0.4928436406
2.170000,-1.5782348633,2.4908945762,6.2052449400,0.8104675293,0.6568797050,0.4315487887
2.180000,-1.5780517578,2.4902599737,6.2015203423,0.8171081543,0.6676679103,0.4457862453
2.190000,-1.5569702148,2.4241787635,5.8768610287,0.8006958008,0.6411243547,0.4110676987
2.200000,-1.5460327148,2.3902465530,5.7135602396,0.7937866211,0.6301390778,0.3971815310
2.210000,-1.5475708008,2.3952099137,5.7392915327,0.7975585938,0.6362222467,0.4050899673
2.220000,-1.5286376953,2.3367958769,5.4612017823,0.7784118652,0.6060014421,0.3674214432
2.230000,-1.4987670898,2.2463213168,5.0461261990,0.7446960449,0.5545876456,0.3076017278
2.240000,-1.4976562500,2.2430416405,5.0318415810,0.7474548340,0.5587103480,0.3122055296
2.250000,-1.4803222656,2.1913810611,4.8023874862,0.7206237793,0.5194251755,0.2700634663
2.260000,-1.4539184570,2.1139657833,4.4695876446,0.6816711426,0.4648419170,0.2163823496
2.270000,-1.4291259766,2.0424641266,4.1721750385,0.6360046387,0.4045388194,0.1637118748
2.280000,-1.4099243164,1.9879534625,3.9524937482,0.5999633789,0.3600331046,0.1297358782
2.290000,-1.3907104492,1.9341272332,3.7412476684,0.5762084961,0.3321658134,0.1105299673
2.300000,-1.3931030273,1.9409542374,3.7689710049,0.5787597656,0.3350437652,0.1123614240
2.310000,-1.3614746094,1.8537576452,3.4374908016,0.5414855957,0.2935945185,0.0866555489
2.320000,-1.3555908203,1.8376555458,3.3771915988,0.5215759277,0.2722405771,0.0743270046
2.330000,-1.3360717773,1.7851698615,3.1874202945,0.4747192383,0.2254907060,0.0509638549
2.340000,-1.3130859375,1.7242323264,2.9732353495,0.4486389160,0.2013837202,0.0406410676
2.350000,-1.2954101562,1.6781156421,2.8162621984,0.3837036133,0.1475292817,0.0219388940
2.360000,-1.2665893555,1.6042740382,2.5738582159,0.2771179199,0.0774559630,0.0062222423
2.370000,-1.2378540039,1.5324788161,2.3496958497,0.1863586426,0.0354947155,0.0013791906
2.380000,-1.2292236328,1.5110278681,2.2834297498,0.1441345215,0.0210360406,0.0004659380
2.390000,-1.2208862305,1.4907239161,2.2232173502,0.1201843262,0.0147092471,0.0002330960
2.400000,-1.2080200195,1.4593712501,2.1301107499,0.1165588379,0.0139652329,0.0002157946
2.410000,-1.2007202148,1.4417427979,2.0787016870,0.1087524414,0.0118810158,0.0001439168
2.420000,-1.1762939453,1.3837300330,1.9150558043,0.0380371094,0.0019550785,0.0000076971
2.430000,-1.1696411133,1.3681857623,1.8726161289,0.0186523438,0.0004896875,0.0000004491
2.440000,-1.1609130859,1.3478222013,1.8171751808,0.0437927246,0.0023398569,0.0000102235
2.450000,-1.1609863281,1.3479130015,1.8169972452,0.0444458008,0.0022011127,0.0000066584
2.460000,-1.1463134766,1.3140744671,1.7270012593,0.0917724609,0.0086934868,0.0000852999
2.470000,-1.1354858398,1.2893868200,1.6628206717,0.0577392578,0.0036238980,0.0000168110
2.480000,-1.1257324219,1.2673459098,1.6065325528,0.0319641113,0.0012160717,0.0000023126
2.490000,-1.1109497070,1.2342706658,1.5237268630,0.0191467285,0.0004897660,0.0000004554
2.500000,-1.1115234375,1.2356061608,1.5273307612,0.0443847656,0.0023034442,0.0000084002
2.510000,-1.0934082031,1.1956473574,1.4300831445,0.0243041992,0.0007509530,0.0000008377
2.520000,-1.0935546875,1.1959110320,1.4304391386,0.0251953125,0.0006676573,0.0000005259
2.530000,-1.0788818359,1.1640545562,1.3553435911,0.0278930664,0.0009637181,0.0000014148
2.540000,-1.0760131836,1.1578348376,1.3407220332,0.0243896484,0.0006871376,0.0000007058
2.550000,-1.0647338867,1.1337498583,1.2858045669,0.0215026855,0.0009127093,0.0000032044
2.560000,-1.0582885742,1.1199946992,1.2544774590,0.0438781738,0.0019896774,0.0000044364
2.570000,-1.0526123047,1.1081159011,1.2284659517,0.0196777344,0.0006729092,0.0000011680
2.580000,-1.0489013672,1.1002102748,1.2105336107,0.0320617676,0.0010897240,0.0000014650
2.590000,-1.0348266602,1.0708905868,1.1469109482,0.0302917480,0.0011370977,0.0000022744
2.600000,-1.0336914062,1.0685577154,1.1419864037,0.0191589355,0.0004720056,0.0000003722
2.610000,-1.0291992188,1.0592609510,1.1220757722,0.0224548340,0.0008265356,0.0000020333
2.620000,-1.0143432617,1.0289582752,1.0590270195,0.0074645996,0.0000923989,0.0000000235
2.630000,-1.0120483398,1.0242512070,1.0491289424,0.0079833984,0.0000674125,0.0000000054
2.640000,-0.9993164062,0.9986519903,0.9973807065,0.0075988770,0.0000785248,0.0000000097
2.650000,-0.9982055664,0.9964471959,0.9930389202,0.0103149414,0.0001200173,0.0000000221
2.660000,-0.9839599609,0.9682402700,0.9377315667,0.0190490723,0.0004436133,0.0000003257
2.670000,-0.9860961914,0.9724111699,0.9456826985,0.0137878418,0.0001982355,0.0000000445
2.680000,-0.9762329102,0.9530516557,0.9083876356,0.0195983887,0.0004735304,0.0000003636
2.690000,-0.9748535156,0.9503561184,0.9032403770,0.0079345703,0.0000898298,0.0000000165
2.700000,-0.9619384766,0.9253661826,0.8564534294,0.0100341797,0.0001408182,0.0000000525
2.710000,-0.9620361328,0.9256057367,0.8570849181,0.0119201660,0.0002057469,0.0000000763
2.720000,-0.9487182617,0.9001278333,0.8104510824,0.0167663574,0.0004623631,0.0000005036
2.730000,-0.9448608398,0.8927991666,0.7972223092,0.0109680176,0.0002120359,0.0000001303
2.740000,-0.9286865234,0.8624757603,0.7439236967,0.0256286621,0.0008878658,0.0000015058
2.750000,-0.9376708984,0.8793057010,0.7734578587,0.0137939453,0.0002230611,0.0000000807
2.760000,-0.9322875977,0.8691979416,0.7556370246,0.0156555176,0.0002779471,0.0000001039
2.770000,-0.9264648438,0.8583643466,0.7368830862,0.0143249512,0.0003229627,0.0000002391
2.780000,-0.9221557617,0.8504157104,0.7233571361,0.0086120605,0.0000789402,0.0000000082
2.790000,-0.9111328125,0.8302539811,0.6896235725,0.0121093750,0.0002870161,0.0000002448
2.800000,-0.9005615234,0.8110581338,0.6579678845,0.0107727051,0.0001828911,0.0000000780
2.810000,-0.8930908203,0.7976262778,0.6362556623,0.0152648926,0.0002952805,0.0000001470
2.820000,-0.8978759766,0.8062102288,0.6500679712,0.0158081055,0.0003153417,0.0000001894
2.830000,-0.8940551758,0.7993820719,0.6391630369,0.0074401855,0.0000720790,0.0000000078
2.840000,-0.8873657227,0.7874423869,0.6201423581,0.0112548828,0.0001716033,0.0000000570
2.850000,-0.8828002930,0.7793627016,0.6074885125,0.0146362305,0.0003680605,0.0000003173
2.860000,-0.8709228516,0.7585359186,0.5754652884,0.0067138672,0.0000803217,0.0000000231
2.870000,-0.8789428711,0.7725777440,0.5969915240,0.0062561035,0.0000687061,0.0000000141
2.880000,-0.8694335937,0.7559542313,0.5715866031,0.0090209961,0.0001159638,0.0000000255
2.890000,-0.8639648438,0.7464414880,0.5571935023,0.0085388184,0.0001356075,0.0000000480
2.900000,-0.8566772461,0.7339636691,0.5389026667,0.0186462402,0.0003841696,0.0000002014
2.910000,-0.8511962891,0.7246224329,0.5253308186,0.0065124512,0.0000533333,0.0000000049
2.920000,-0.8550659180,0.7311552562,0.5346392887,0.0127746582,0.0002427319,0.0000001306
2.930000,-0.8506225586,0.7235841475,0.5236476875,0.0124267578,0.0002365340,0.0000001637
2.940000,-0.8485351562,0.7200847045,0.5187318852,0.0053405762,0.0000421891,0.0000000033
2.950000,-0.8399047852,0.7054467104,0.4976739349,0.0172119141,0.0004277125,0.0000003736
2.960000,-0.8299560547,0.6889367744,0.4749353745,0.0111145020,0.0001738919,0.0000000702
2.970000,-0.8300048828,0.6889390126,0.4747224695,0.0063232422,0.0000513565,0.0000000040
2.980000,-0.8263916016,0.6829590023,0.4665314009,0.0125732422,0.0001846056,0.0000000535
2.990000,-0.8203857422,0.6730992213,0.4532438330,0.0109863281,0.0001907706,0.0000000752
3.000000,-0.8160156250,0.6659504965,0.4436728122,0.0120300293,0.0001840590,0.0000000490
