# Temp,E,E^2,E^4,M,M^2,M^4
1.500000,-1.9511416000,3.8069539293,14.4929040983,0.9864907980,0.9731641256,0.9470485366
1.510000,-1.9494136000,3.8002135992,14.4416266736,0.9860019922,0.9721999509,0.9451728311
1.520000,-1.9468368000,3.7901739924,14.3654259663,0.9852516055,0.9707207679,0.9422989716
1.530000,-1.9451720000,3.7836944634,14.3163491455,0.9847140193,0.9696617378,0.9402440332
1.540000,-1.9428672000,3.7747332174,14.2486147968,0.9840623856,0.9683788046,0.9377576098
1.550000,-1.9407328000,3.7664444821,14.1861142988,0.9833791971,0.9670347013,0.9351563298
1.560000,-1.9378408000,3.7552269790,14.1017298561,0.9825564027,0.9654170857,0.9320301544
1.570000,-1.9360360000,3.7482356404,14.0492741207,0.9819864035,0.9642973211,0.9298694181
1.580000,-1.9327280000,3.7354381180,13.9535068360,0.9810067892,0.9623743750,0.9261646475
1.590000,-1.9310928000,3.7291198597,13.9063417515,0.9804967999,0.9613740233,0.9242401996
1.600000,-1.9291176000,3.7214949220,13.8495275422,0.9799507856,0.9603035603,0.9221829973
1.610000,-1.9253096000,3.7068177662,13.7405084838,0.9787407994,0.9579336622,0.9176373216
1.620000,-1.9224120000,3.6956682496,13.6579690133,0.9777899861,0.9560732797,0.9140762031
1.630000,-1.9200816000,3.6867136488,13.5918619237,0.9771243811,0.9547720893,0.9115898694
1.640000,-1.9170960000,3.6752583947,13.5075437091,0.9761384130,0.9528462946,0.9079164168
1.650000,-1.9145432000,3.6654773233,13.4357483086,0.9753535986,0.9513148383,0.9050006671
1.660000,-1.9111176000,3.6523713537,13.3398292558,0.9742900014,0.9492410675,0.9010588349
1.670000,-1.9082976000,3.6416002433,13.2612598107,0.9733311892,0.9473736781,0.8975171678
1.680000,-1.9043224000,3.6264448375,13.1511171719,0.9720676064,0.9449155360,0.8928657649
1.690000,-1.9017680000,3.6167227080,13.0807002542,0.9711859941,0.9432023832,0.8896312939
1.700000,-1.8984184000,3.6039927694,12.9887688982,0.9702244043,0.9413354533,0.8861126561
1.710000,-1.8949656000,3.5908950756,12.8945339125,0.9690020084,0.9389649890,0.8816556136
1.720000,-1.8903472000,3.5734132196,12.7692918047,0.9675727963,0.9361971644,0.8764653108
1.730000,-1.8872704000,3.5617909100,12.6863736883,0.9664971828,0.9341169437,0.8725749851
1.740000,-1.8841920000,3.5501824223,12.6038368391,0.9655843854,0.9323535574,0.8692844691
1.750000,-1.8796296000,3.5330083512,12.4821609839,0.9638439894,0.9289953557,0.8630328164
1.760000,-1.8761512000,3.5199435455,12.3900056648,0.9627771974,0.9269400282,0.8592181733
1.770000,-1.8716664000,3.5031370969,12.2719973409,0.9611196041,0.9237511700,0.8533172467
1.780000,-1.8685064000,3.4913173468,12.1893132826,0.9601096034,0.9218106125,0.8497354023
1.790000,-1.8638720000,3.4740205468,12.0688425877,0.9583199978,0.9183773881,0.8434176515
1.800000,-1.8598432000,3.4590173440,11.9648095011,0.9570832014,0.9160083479,0.8390716357
1.810000,-1.8544024000,3.4388083935,11.8254049890,0.9549975991,0.9120204524,0.8317814443
1.820000,-1.8506600000,3.4249442949,11.7302688884,0.9538043976,0.9097430812,0.8276333920
1.830000,-1.8458448000,3.4071437397,11.6086381938,0.9520435929,0.9063870668,0.8215377469
1.840000,-1.8415152000,3.3911790187,11.5001058077,0.9504556060,0.9033660389,0.8160708508
1.850000,-1.8367800000,3.3737616482,11.3822795325,0.9487756014,0.9001752065,0.8103156354
1.860000,-1.8309416000,3.3523475506,11.2382395689,0.9464908004,0.8958449572,0.8025386244
1.870000,-1.8258704000,3.3338037527,11.1142612623,0.9447920084,0.8926321191,0.7967927422
1.880000,-1.8192752000,3.3097625220,10.9545315094,0.9420835972,0.8875216259,0.7876950686
1.890000,-1.8152984000,3.2953093721,10.8590782398,0.9405988097,0.8847262507,0.7827409980
1.900000,-1.8078928000,3.2684774854,10.6829595731,0.9375964046,0.8790873019,0.7727954831
1.910000,-1.8037640000,3.2535669674,10.5857292711,0.9361031890,0.8762894789,0.7678842974
1.920000,-1.7984456000,3.2344070602,10.4613952936,0.9337267876,0.8718458346,0.7601155808
1.930000,-1.7906472000,3.2064186571,10.2811367931,0.9309440017,0.8666568271,0.7510943776
1.940000,-1.7861176000,3.1902182642,10.1775204030,0.9288411856,0.8627462314,0.7443320371
1.950000,-1.7784648000,3.1629381171,10.0041910881,0.9257255912,0.8569680273,0.7343947380
1.960000,-1.7719768000,3.1399040267,9.8590255336,0.9227851987,0.8515332205,0.7251112036
1.970000,-1.7673616000,3.1235684688,9.7566980120,0.9212279916,0.8486612773,0.7202268623
1.980000,-1.7590416000,3.0942287346,9.5742685888,0.9173740029,0.8415755541,0.7082510724
1.990000,-1.7531792000,3.0736441055,9.4473716513,0.9147580028,0.8367831593,0.7002092530
2.000000,-1.7456064000,3.0471443859,9.2851215713,0.9112503886,0.8303777045,0.6895285724
2.010000,-1.7388280000,3.0235244728,9.1417203101,0.9085716128,0.8255025724,0.6814551474
2.020000,-1.7325680000,3.0017925458,9.0107665445,0.9053071976,0.8195812433,0.6717138122
2.030000,-1.7234056000,2.9701279450,8.8216728641,0.9010699868,0.8119280151,0.6592300036
2.040000,-1.7144064000,2.9391907624,8.6388594834,0.8964707971,0.8036608580,0.6458738871
2.050000,-1.7065584000,2.9123433699,8.4817648340,0.8929888010,0.7974293555,0.6358947147
2.060000,-1.6981512000,2.8837184558,8.3158431763,0.8883607984,0.7891857330,0.6228167247
2.070000,-1.6876080000,2.8480247620,8.1112906627,0.8827399969,0.7792315935,0.6072071507
2.080000,-1.6813008000,2.8267736174,7.9906630796,0.8791711926,0.7729432025,0.5974449523
2.090000,-1.6696824000,2.7878407975,7.7720728266,0.8725888014,0.7614113218,0.5797475223
2.100000,-1.6643304000,2.7699975492,7.6729071261,0.8697727919,0.7565052989,0.5723020523
2.110000,-1.6515768000,2.7277116502,7.4404732843,0.8613363981,0.7419034587,0.5504298506
2.120000,-1.6418544000,2.6956885491,7.2667656255,0.8571303964,0.7346728077,0.5397449903
2.130000,-1.6319880000,2.6633896019,7.0936949629,0.8512836099,0.7246884369,0.5251867911
2.140000,-1.6234032000,2.6354401352,6.9455677451,0.8447591901,0.7136188756,0.5092541449
2.150000,-1.6083920000,2.5869264277,6.6922049257,0.8353891969,0.6978754111,0.4870309293
2.160000,-1.5990872000,2.5570825392,6.5386983639,0.8292011976,0.6875768102,0.4727678734
2.170000,-1.5864800000,2.5169241047,6.3349604624,0.8202728033,0.6728493930,0.4527314783
2.180000,-1.5760816000,2.4840362157,6.1704657846,0.8121035933,0.6595152151,0.4349681489
2.190000,-1.5617864000,2.4391814531,5.9496518681,0.8022683978,0.6436374364,0.4142765035
2.200000,-1.5498408000,2.4020088493,5.7696690240,0.7904800057,0.6248699203,0.3904906006
2.210000,-1.5320304000,2.3471265681,5.5090915497,0.7733407855,0.5980638140,0.3576990693
2.220000,-1.5179512000,2.3041761700,5.3092308133,0.7592243791,0.5764231677,0.3322671531
2.230000,-1.5049552000,2.2648924632,5.1297588106,0.7500900149,0.5626361349,0.3165619023
2.240000,-1.4917800000,2.2254208073,4.9526154312,0.7381204009,0.5448385023,0.2968854195
2.250000,-1.4739016000,2.1724160301,4.7196535846,0.7177956104,0.5152670815,0.2655757338
2.260000,-1.4583792000,2.1268724631,4.5236083652,0.6985579967,0.4879952249,0.2381626099
2.270000,-1.4406824000,2.0755833307,4.3081917963,0.6747039914,0.4552709840,0.2073543280
2.280000,-1.4203256000,2.0173414271,4.0698008561,0.6401872039,0.4099122212,0.1681473748
2.290000,-1.4036528000,1.9702494092,3.8819476893,0.6123512149,0.3750306635,0.1407330801
2.300000,-1.3841144000,1.9157759658,3.6702227838,0.5792863965,0.3356066472,0.1126773130
2.310000,-1.3647728000,1.8626177804,3.4694417618,0.5402675986,0.2919612584,0.0853254293
2.320000,-1.3406008000,1.7972195402,3.2300629647,0.4869795978,0.2372613737,0.0563991616
2.330000,-1.3188776000,1.7394439117,3.0257052994,0.4317328036,0.1865395789,0.0349055443
2.340000,-1.3025736000,1.6967121914,2.8789286355,0.3860539973,0.1492121557,0.0223672696
2.350000,-1.2793920000,1.6368619959,2.6794362060,0.3158176005,0.1000645272,0.0101446774
2.360000,-1.2630096000,1.5951991845,2.5446983401,0.2608988047,0.0682189632,0.0046941496
2.370000,-1.2476864000,1.5567221963,2.4233892442,0.1996363997,0.0400298023,0.0016313598
2.380000,-1.2325848000,1.5192681302,2.3081929240,0.1586048007,0.0251861683,0.0006375277
2.390000,-1.2176792000,1.4827439638,2.1985375508,0.1315819979,0.0173840534,0.0003070431
2.400000,-1.2056312000,1.4535524907,2.1128491192,0.0862103999,0.0074686620,0.0000568914
2.410000,-1.1942648000,1.4262741142,2.0342903820,0.0611635983,0.0037847187,0.0000149646
2.420000,-1.1833824000,1.4003956580,1.9611178364,0.0483759999,0.0023448099,0.0000055406
2.430000,-1.1746976000,1.3799173779,1.9041881041,0.0281212002,0.0008204599,0.0000007738
2.440000,-1.1645376000,1.3561505233,1.8391589209,0.0203032002,0.0004178596,0.0000001832
2.450000,-1.1523640000,1.3279483586,1.7634764530,0.0174440000,0.0003245479,0.0000001311
2.460000,-1.1408440000,1.3015264499,1.6939784835,0.0106395999,0.0001197617,0.0000000173
2.470000,-1.1340728000,1.2861239171,1.6541291195,0.0058772000,0.0000381054,0.0000000020
2.480000,-1.1239152000,1.2631925445,1.5956916245,0.0043796000,0.0000272695,0.0000000013
2.490000,-1.1135480000,1.2399904517,1.5375827838,0.0071731999,0.0000632574,0.0000000069
2.500000,-1.1060040000,1.2232520688,1.4963810052,0.0046284000,0.0000240457,0.0000000008
2.510000,-1.0982096000,1.2060674292,1.4546136351,0.0107016000,0.0001188830,0.0000000160
2.520000,-1.0872016000,1.1820134170,1.3971845138,0.0023616000,0.0000088663,0.0000000002
2.530000,-1.0788704000,1.1639641636,1.3548257089,0.0131336004,0.0002035950,0.0000000623
2.540000,-1.0717896000,1.1487365264,1.3196120982,0.0074235999,0.0000639021,0.0000000057
2.550000,-1.0646456000,1.1334718152,1.2847654426,0.0080664000,0.0000752719,0.0000000077
2.560000,-1.0587904000,1.1210448325,1.2567760482,0.0044300000,0.0000259916,0.0000000012
2.570000,-1.0498848000,1.1022589509,1.2149785777,0.0023904000,0.0000089531,0.0000000002
2.580000,-1.0415800000,1.0848901931,1.1769923515,0.0074808000,0.0000604680,0.0000000046
2.590000,-1.0344416000,1.0700741010,1.1450786036,0.0083180000,0.0000837583,0.0000000098
2.600000,-1.0273048000,1.0553561477,1.1137808011,0.0047988000,0.0000287202,0.0000000015
2.610000,-1.0215072000,1.0434788558,1.0888560487,0.0028760000,0.0000102921,0.0000000002
2.620000,-1.0167896000,1.0338641493,1.0688877104,0.0070300002,0.0000569336,0.0000000040
2.630000,-1.0092672000,1.0186249665,1.0376159313,0.0042164001,0.0000217743,0.0000000008
2.640000,-1.0014608000,1.0029296281,1.0058914713,0.0018664000,0.0000056584,0.0000000001
2.650000,-0.9930376000,0.9861262586,0.9724551691,0.0068980000,0.0000604031,0.0000000055
2.660000,-0.9891952000,0.9785092289,0.9574884820,0.0088787999,0.0000904470,0.0000000142
2.670000,-0.9805496000,0.9614811983,0.9244602446,0.0016720001,0.0000046669,0.0000000001
2.680000,-0.9768128000,0.9541645077,0.9104347274,0.0052072001,0.0000335503,0.0000000017
2.690000,-0.9690256000,0.9390110775,0.8817435474,0.0032684000,0.0000130950,0.0000000003
2.700000,-0.9609384000,0.9234042444,0.8526814407,0.0051272001,0.0000364937,0.0000000021
2.710000,-0.9577032000,0.9171977327,0.8412601732,0.0031063999,0.0000122367,0.0000000002
2.720000,-0.9521776000,0.9066444929,0.8220126006,0.0024652000,0.0000112988,0.0000000003
2.730000,-0.9458280000,0.8945952094,0.8003170500,0.0025136000,0.0000071798,0.0000000001
2.740000,-0.9398232000,0.8832681510,0.7801644059,0.0059228001,0.0000433077,0.0000000028
2.750000,-0.9345272000,0.8733446973,0.7627435616,0.0023236000,0.0000080027,0.0000000001
2.760000,-0.9282856000,0.8617164539,0.7425631630,0.0029252000,0.0000277201,0.0000000037
2.770000,-0.9237160000,0.8532553404,0.7280586633,0.0055455999,0.0000389386,0.0000000026
2.780000,-0.9181568000,0.8430129634,0.7106744117,0.0028068000,0.0000121846,0.0000000004
2.790000,-0.9129080000,0.8334043083,0.6945737406,0.0022672000,0.0000085578,0.0000000002
2.800000,-0.9080016000,0.8244694622,0.6797583365,0.0029988000,0.0000122353,0.0000000003
2.810000,-0.9035928000,0.8164812952,0.6666461059,0.0034228000,0.0000211967,0.0000000015
2.820000,-0.8979880000,0.8063842507,0.6502613834,0.0054019999,0.0000402432,0.0000000029
2.830000,-0.8946992000,0.8004925806,0.6408073327,0.0022864001,0.0000064594,0.0000000001
2.840000,-0.8889976000,0.7903183550,0.6246082226,0.0032312000,0.0000146879,0.0000000005
2.850000,-0.8834128000,0.7804201277,0.6090616718,0.0039740000,0.0000216212,0.0000000011
2.860000,-0.8770416000,0.7692034390,0.5916784594,0.0012924000,0.0000036871,0.0000000001
2.870000,-0.8730000000,0.7621296590,0.5808436262,0.0033176000,0.0000180551,0.0000000008
2.880000,-0.8709632000,0.7585777829,0.5754429421,0.0037760000,0.0000203210,0.0000000011
2.890000,-0.8632992000,0.7452866140,0.5554554276,0.0027140000,0.0000134699,0.0000000004
2.900000,-0.8595832000,0.7388863874,0.5459622745,0.0031584001,0.0000145776,0.0000000004
2.910000,-0.8559416000,0.7326383199,0.5367656483,0.0034631999,0.0000178719,0.0000000008
2.920000,-0.8523760000,0.7265463360,0.5278739034,0.0034152000,0.0000145895,0.0000000004
2.930000,-0.8473240000,0.7179645350,0.5154919423,0.0039356001,0.0000244694,0.0000000017
2.940000,-0.8427320000,0.7101988381,0.5043869779,0.0018916001,0.0000056254,0.0000000001
2.950000,-0.8380544000,0.7023382503,0.4932876502,0.0032476000,0.0000125966,0.0000000002
2.960000,-0.8351728000,0.6975166041,0.4865377742,0.0042640000,0.0000248518,0.0000000010
2.970000,-0.8285416000,0.6864842290,0.4712689631,0.0024200001,0.0000087165,0.0000000002
2.980000,-0.8258080000,0.6819603416,0.4650739666,0.0030612000,0.0000103606,0.0000000002
2.990000,-0.8199920000,0.6723939074,0.4521324412,0.0033580000,0.0000158157,0.0000000005
3.000000,-0.8177736000,0.6687542668,0.4472338901,0.0028716000,0.0000105673,0.0000000002
