# Temp,E,E^2,E^4,M,M^2,M^4
1.500000,-1.9510742187,3.8066912889,14.4909089539,0.9865397096,0.9732606533,0.9472365123
1.510000,-1.9488769531,3.7981252784,14.4258149059,0.9858127117,0.9718269331,0.9444484844
1.520000,-1.9470052083,3.7908296152,14.3703942365,0.9852077842,0.9706344191,0.9421313352
1.530000,-1.9465549045,3.7890771214,14.3571224801,0.9851670980,0.9705543353,0.9419762002
1.540000,-1.9417154948,3.7702618494,14.2149164548,0.9836778522,0.9676224214,0.9362943297
1.550000,-1.9406575521,3.7661545977,14.1839635708,0.9834852457,0.9672434245,0.9355606001
1.560000,-1.9376519097,3.7544959731,14.0962557823,0.9824028969,0.9651154670,0.9314479233
1.570000,-1.9364691840,3.7499181630,14.0619652049,0.9821424842,0.9646044433,0.9304639865
1.580000,-1.9339898003,3.7403195368,13.9900349824,0.9813367963,0.9630222924,0.9274134178
1.590000,-1.9309299045,3.7284969278,13.9017883950,0.9805338621,0.9614474010,0.9243839775
1.600000,-1.9268771701,3.7128587514,13.7853664928,0.9791775227,0.9587887921,0.9192766044
1.610000,-1.9248752170,3.7051512467,13.7282443365,0.9785942912,0.9576472506,0.9170900340
1.620000,-1.9232313368,3.6988197168,13.6812812335,0.9780680299,0.9566172611,0.9151173109
1.630000,-1.9215928819,3.6925229470,13.6347809245,0.9777208090,0.9559385193,0.9138205119
1.640000,-1.9190646701,3.6828096060,13.5630924551,0.9766927123,0.9539287320,0.9099803225
1.650000,-1.9140950521,3.6637609700,13.4231605934,0.9752766967,0.9511647898,0.9047150460
1.660000,-1.9102973090,3.6492389305,13.3169903573,0.9739149213,0.9485108806,0.8996751921
1.670000,-1.9054253472,3.6306538650,13.1817651161,0.9725694537,0.9458921912,0.8947152466
1.680000,-1.9070041233,3.6366703891,13.2254539085,0.9727783322,0.9462984877,0.8954838713
1.690000,-1.9016872830,3.6164158366,13.0784825314,0.9712104082,0.9432498923,0.8897212475
1.700000,-1.8982367622,3.6033064888,12.9838707569,0.9700765014,0.9410490146,0.8855754912
1.710000,-1.8947428385,3.5900526328,12.8885096387,0.9690375447,0.9390341254,0.8817864491
1.720000,-1.8921875000,3.5803735671,12.8190753380,0.9681993246,0.9374100123,0.8787378315
1.730000,-1.8900987413,3.5724793659,12.7626961617,0.9674859047,0.9360300438,0.8761562412
1.740000,-1.8841200087,3.5499204222,12.6021086147,0.9656765461,0.9325330237,0.8696246760
1.750000,-1.8802571615,3.5353723271,12.4989328793,0.9642089844,0.9296995654,0.8643435119
1.760000,-1.8754611545,3.5173572845,12.3718408501,0.9624918580,0.9263907920,0.8582006972
1.770000,-1.8705674913,3.4990248885,12.2432052294,0.9610568523,0.9236307380,0.8530954551
1.780000,-1.8681694878,3.4900585668,12.1805273808,0.9597249389,0.9210720697,0.8483741678
1.790000,-1.8625976563,3.4692816246,12.0360755397,0.9583685875,0.9184718516,0.8435960520
1.800000,-1.8566948785,3.4473219810,11.8841129536,0.9557318687,0.9134253286,0.8343528474
1.810000,-1.8542534722,3.4382641748,11.8217736097,0.9551025510,0.9122218813,0.8321524002
1.820000,-1.8490668403,3.4190513057,11.6899546207,0.9531656981,0.9085252632,0.8254196639
1.830000,-1.8425944010,3.3951610308,11.5272121337,0.9506130576,0.9036658553,0.8166143984
1.840000,-1.8408365885,3.3886831409,11.4832248154,0.9503987551,0.9032583272,0.8158775330
1.850000,-1.8369357639,3.3743506387,11.3864796504,0.9486626506,0.8999628235,0.8099402657
1.860000,-1.8323025174,3.3573373297,11.2717786380,0.9469319582,0.8966816555,0.8040434576
1.870000,-1.8265625000,3.3363426962,11.1313444288,0.9448838949,0.8928080650,0.7971151292
1.880000,-1.8220214844,3.3197782898,11.0211404092,0.9434353232,0.8900726689,0.7922381242
1.890000,-1.8144422743,3.2922134779,10.8388372972,0.9398925900,0.8834006388,0.7804057369
1.900000,-1.8096842448,3.2749634523,10.7254693389,0.9381401896,0.8801078838,0.7745929450
1.910000,-1.8083441840,3.2701267540,10.6939652853,0.9384765625,0.8807407614,0.7757131086
1.920000,-1.7975640191,3.2312478600,10.4411107361,0.9336805582,0.8717612570,0.7599742236
1.930000,-1.7940104167,3.2184801511,10.3587018277,0.9317979574,0.8682487255,0.7538603371
1.940000,-1.7845648872,3.1846771298,10.1422359109,0.9284450889,0.8620148850,0.7430855395
1.950000,-1.7766818576,3.1566025972,9.9641926459,0.9249376178,0.8555101131,0.7318993219
1.960000,-1.7715006510,3.1382396708,9.8488636775,0.9220730305,0.8502265536,0.7229120363
1.970000,-1.7672254774,3.1230975002,9.7538832243,0.9204806924,0.8472860260,0.7178980867
1.980000,-1.7646538628,3.1140075532,9.6970965833,0.9203233480,0.8469976451,0.7174137456
1.990000,-1.7525444878,3.0714446408,9.4341696026,0.9141872764,0.8357446164,0.6984898872
2.000000,-1.7463378906,3.0497053466,9.3008165625,0.9111735106,0.8302426443,0.6893210706
2.010000,-1.7377766927,3.0198850701,9.1199142566,0.9066975832,0.8221057898,0.6758753004
2.020000,-1.7311306424,2.9968272003,8.9811398453,0.9045382977,0.8181917097,0.6694447979
2.030000,-1.7235188802,2.9705737925,8.8249795584,0.9010362387,0.8118795737,0.6591915702
2.040000,-1.7161566840,2.9452083161,8.6744233580,0.8977946043,0.8060357166,0.6496953983
2.050000,-1.7047309028,2.9061207118,8.4456913898,0.8922037721,0.7960313872,0.6336780863
2.060000,-1.6944607205,2.8712311572,8.2443592418,0.8869438887,0.7866708597,0.6188554454
2.070000,-1.6857801649,2.8418653604,8.0763189049,0.8809027672,0.7759943397,0.6021816209
2.080000,-1.6809950087,2.8257588144,7.9850779039,0.8802680254,0.7748860495,0.6004924945
2.090000,-1.6700846354,2.7891898717,7.7796603667,0.8755805135,0.7666420908,0.5877427173
2.100000,-1.6630967882,2.7659043686,7.6503755284,0.8685465455,0.7543760565,0.5690921526
2.110000,-1.6502007378,2.7231893079,7.4160521140,0.8610622764,0.7414428172,0.5497806195
2.120000,-1.6428602431,2.6989995450,7.2847041210,0.8577799559,0.7357904998,0.5413995569
2.130000,-1.6295572917,2.6554643864,7.0515698838,0.8496256471,0.7218651167,0.5210932248
2.140000,-1.6203396267,2.6255047644,6.8933199965,0.8426703572,0.7101039867,0.5042778795
2.150000,-1.6072157118,2.5831491091,6.6727292508,0.8333360553,0.6944601126,0.4823056692
2.160000,-1.5957736545,2.5465565957,6.4855930691,0.8279106975,0.6854788434,0.4699981098
2.170000,-1.5906901042,2.5303428653,6.4031204443,0.8257785439,0.6819202429,0.4650427110
2.180000,-1.5799804688,2.4963469935,6.2318351949,0.8164605021,0.6666149362,0.4443946766
2.190000,-1.5640190972,2.4461678052,5.9838549977,0.8054199219,0.6487118884,0.4208547468
2.200000,-1.5503634983,2.4036692700,5.7780324168,0.7915879965,0.6266782932,0.3928937652
2.210000,-1.5297634549,2.3401809895,5.4764916757,0.7722195148,0.5963675132,0.3557601715
2.220000,-1.5238444010,2.3221444903,5.3927519934,0.7664442301,0.5874586939,0.3451593125
2.230000,-1.5025010851,2.2575424040,5.0967961231,0.7536376834,0.5679972562,0.3226833842
2.240000,-1.4918999566,2.2257750336,4.9541596100,0.7397650838,0.5472582403,0.2995043598
2.250000,-1.4784071181,2.1857215190,4.7776740525,0.7218559980,0.5211239217,0.2716684472
2.260000,-1.4710503472,2.1640403562,4.6835136563,0.7024468422,0.4935010602,0.2436783620
2.270000,-1.4340657552,2.0566024799,4.2300914328,0.6583034873,0.4334697719,0.1880821058
2.280000,-1.4163953993,2.0061868597,4.0248735713,0.6240207195,0.3894295149,0.1516984041
2.290000,-1.4008572049,1.9624081409,3.8511025224,0.5997205973,0.3596768443,0.1293847646
2.300000,-1.3822482639,1.9106277966,3.6506328703,0.5849256754,0.3422382605,0.1172652809
2.310000,-1.3613552517,1.8533069974,3.4348872210,0.5329508424,0.2842921579,0.0811110170
2.320000,-1.3413248698,1.7991989487,3.2374511263,0.4809109092,0.2313038965,0.0535277087
2.330000,-1.3176378038,1.7362444435,3.0150665684,0.4191053629,0.1763926728,0.0316494946
2.340000,-1.2995171441,1.6887614043,2.8520267387,0.3398681641,0.1158580759,0.0135839257
2.350000,-1.2829372830,1.6460125969,2.7099151834,0.2957356811,0.0878280728,0.0078437238
2.360000,-1.2684570313,1.6089855427,2.5888493015,0.2286783874,0.0526117756,0.0028380439
2.370000,-1.2419270833,1.5424228336,2.3793133609,0.1486545131,0.0226552001,0.0005619162
2.380000,-1.2295952691,1.5119246158,2.2860374350,0.0946750194,0.0090926715,0.0000872036
2.390000,-1.2233886719,1.4967156883,2.2403719323,0.0906494126,0.0082516345,0.0000692111
2.400000,-1.2078938802,1.4590198197,2.1288098757,0.0770914719,0.0059543266,0.0000357139
2.410000,-1.1955891927,1.4294908281,2.0437710837,0.0370713975,0.0014384774,0.0000024925
2.420000,-1.1884060330,1.4123325394,1.9948171439,0.0171305338,0.0003392923,0.0000001766
2.430000,-1.1705512153,1.3702001586,1.8775034026,0.0083089193,0.0001034848,0.0000000208
2.440000,-1.1653591580,1.3580889109,1.8445517074,0.0137125649,0.0002481505,0.0000001049
2.450000,-1.1558702257,1.3360814009,1.7853559206,0.0226426866,0.0005541169,0.0000003827
2.460000,-1.1407009549,1.3012241311,1.6933163829,0.0081841362,0.0000768562,0.0000000082
2.470000,-1.1310763889,1.2793442240,1.6367749927,0.0100938585,0.0001486029,0.0000000492
2.480000,-1.1245985243,1.2647489683,1.5997270812,0.0151529947,0.0002714548,0.0000001261
2.490000,-1.1130533854,1.2389110821,1.5350157070,0.0094265410,0.0001092874,0.0000000209
2.500000,-1.1133300781,1.2395083058,1.5364028901,0.0088704427,0.0000890078,0.0000000106
2.510000,-1.0981445312,1.2059276030,1.4542912690,0.0332546663,0.0011222647,0.0000013350
2.520000,-1.0895724826,1.1872300484,1.4098079621,0.0146077472,0.0002609439,0.0000001013
2.530000,-1.0845486111,1.1762780758,1.3837826055,0.0059570314,0.0000520648,0.0000000056
2.540000,-1.0769965278,1.1600097247,1.3460299709,0.0112467448,0.0001723370,0.0000000553
2.550000,-1.0663411458,1.1370995527,1.2930689284,0.0082899306,0.0000813429,0.0000000109
2.560000,-1.0566134983,1.1164375795,1.2464573997,0.0243191195,0.0008451606,0.0000013043
2.570000,-1.0504069010,1.1033790248,1.2175529100,0.0166178387,0.0003820734,0.0000002343
2.580000,-1.0405870226,1.0828654429,1.1727880118,0.0068386502,0.0000727731,0.0000000117
2.590000,-1.0367078993,1.0747785751,1.1552148835,0.0147406684,0.0002549372,0.0000000980
2.600000,-1.0270562066,1.0548449842,1.1127001874,0.0090603300,0.0001175343,0.0000000369
2.610000,-1.0225911458,1.0457011591,1.0935264639,0.0153510199,0.0003006069,0.0000001790
2.620000,-1.0180392795,1.0364221074,1.0742459731,0.0115858288,0.0001644328,0.0000000412
2.630000,-1.0099772135,1.0200943354,1.0407569783,0.0145100913,0.0003182131,0.0000002080
2.640000,-1.0029242622,1.0058705340,1.0118295184,0.0064561631,0.0000618089,0.0000000095
2.650000,-0.9939941406,0.9880380329,0.9762733841,0.0040418836,0.0000233878,0.0000000012
2.660000,-0.9889051649,0.9779484238,0.9564416871,0.0137125650,0.0002427874,0.0000001179
2.670000,-0.9817328559,0.9638470781,0.9291844233,0.0089843750,0.0001017730,0.0000000187
2.680000,-0.9789550781,0.9583611755,0.9184872966,0.0077501085,0.0001134654,0.0000000485
2.690000,-0.9651312934,0.9314855083,0.8676916673,0.0126980253,0.0002024377,0.0000000734
2.700000,-0.9607367622,0.9230316376,0.8520481952,0.0043050130,0.0000344036,0.0000000040
2.710000,-0.9587293837,0.9191958494,0.8450447115,0.0084689668,0.0001001705,0.0000000188
2.720000,-0.9540690104,0.9102618685,0.8286285630,0.0085042319,0.0000961322,0.0000000162
2.730000,-0.9497558594,0.9020498471,0.8137431174,0.0182481552,0.0003440152,0.0000001321
2.740000,-0.9440646701,0.8912624121,0.7943640683,0.0119547528,0.0001838634,0.0000000605
2.750000,-0.9326280382,0.8698074267,0.7566081629,0.0064208985,0.0000722437,0.0000000118
2.760000,-0.9252549913,0.8561054917,0.7329463195,0.0096164278,0.0001532284,0.0000000557
2.770000,-0.9289930556,0.8630392080,0.7448752170,0.0089382596,0.0000958391,0.0000000133
2.780000,-0.9208387587,0.8479744259,0.7191641608,0.0112630210,0.0002700013,0.0000002601
2.790000,-0.9117187500,0.8312479829,0.6910291232,0.0071831597,0.0000678280,0.0000000081
2.800000,-0.9101291233,0.8283678042,0.6863016452,0.0114990236,0.0001343296,0.0000000192
2.810000,-0.9031955295,0.8157840745,0.6655753135,0.0090169270,0.0001281848,0.0000000430
2.820000,-0.8982042101,0.8068231687,0.6511307787,0.0063340930,0.0000498179,0.0000000039
2.830000,-0.8953125000,0.8015990396,0.6426075917,0.0091661242,0.0001126928,0.0000000232
2.840000,-0.8909450955,0.7938268018,0.6302991483,0.0069580078,0.0000685708,0.0000000085
2.850000,-0.8838650174,0.7812296002,0.6103581155,0.0055067274,0.0000379704,0.0000000024
2.860000,-0.8758951823,0.7672052338,0.5886431576,0.0088216145,0.0000907190,0.0000000125
2.870000,-0.8723632812,0.7610327470,0.5792166326,0.0154486760,0.0002566500,0.0000000790
2.880000,-0.8691948785,0.7555155324,0.5708515021,0.0032823352,0.0000184168,0.0000000009
2.890000,-0.8643717448,0.7471563511,0.5582958355,0.0005154080,0.0000003918,0.0000000000
2.900000,-0.8613823785,0.7419867663,0.5505655980,0.0100721570,0.0001282942,0.0000000266
2.910000,-0.8541069878,0.7295083262,0.5322104005,0.0076741538,0.0000721481,0.0000000082
2.920000,-0.8501356337,0.7227320843,0.5223459729,0.0061035157,0.0000744797,0.0000000136
2.930000,-0.8463053385,0.7162493224,0.5130603945,0.0088650174,0.0000973557,0.0000000146
2.940000,-0.8403808594,0.7062530996,0.4988305292,0.0067274306,0.0000636284,0.0000000068
2.950000,-0.8404459635,0.7063619433,0.4989827269,0.0071099174,0.0000668319,0.0000000094
2.960000,-0.8384114583,0.7029377808,0.4941328025,0.0056396484,0.0000547058,0.0000000080
2.970000,-0.8301974826,0.6892696201,0.4752068154,0.0065483941,0.0000718563,0.0000000151
2.980000,-0.8245496962,0.6798977474,0.4623030334,0.0094373914,0.0001072227,0.0000000144
2.990000,-0.8225043403,0.6765322164,0.4577467839,0.0057698570,0.0000505465,0.0000000047
3.000000,-0.8187988281,0.6704582866,0.4495861173,0.0048556857,0.0000287497,0.0000000015
