# Temp,E,E^2,E^4,M,M^2,M^4
1.500000,-1.9471212000,3.7912811621,14.3738158014,0.9852700114,0.9707570095,0.9423692262
1.510000,-1.9457222000,3.7858351025,14.3325507999,0.9848252058,0.9698807064,0.9406686639
1.520000,-1.9430928000,3.7756101796,14.2552405377,0.9840612054,0.9683764976,0.9377532023
1.530000,-1.9406318000,3.7660525588,14.1831635590,0.9833420038,0.9669615838,0.9350150425
1.540000,-1.9386250000,3.7582679418,14.1245937162,0.9826875925,0.9656750065,0.9325286124
1.550000,-1.9363176000,3.7493262012,14.0574522588,0.9819824100,0.9642894890,0.9298543557
1.560000,-1.9339320000,3.7400935220,13.9883076556,0.9812876105,0.9629254255,0.9272255714
1.570000,-1.9319898000,3.7325848879,13.9321944327,0.9807048082,0.9617819610,0.9250246950
1.580000,-1.9289974000,3.7210313642,13.8460802929,0.9798668027,0.9601389925,0.9218670441
1.590000,-1.9273728000,3.7147663767,13.7994961634,0.9792020082,0.9588366139,0.9193678093
1.600000,-1.9243328000,3.7030578458,13.7126540198,0.9783524036,0.9571735167,0.9161814898
1.610000,-1.9220496000,3.6942748990,13.6476704888,0.9776463866,0.9557924879,0.9135393971
1.620000,-1.9185102000,3.6806818159,13.5474249374,0.9765419960,0.9536343174,0.9094185920
1.630000,-1.9160926000,3.6714119192,13.4792811597,0.9757675886,0.9521224944,0.9065376536
1.640000,-1.9124892000,3.6576156487,13.3781625960,0.9746096015,0.9498639431,0.9022417676
1.650000,-1.9105760000,3.6503016464,13.3247166341,0.9740380049,0.9487501656,0.9001273725
1.660000,-1.9072488000,3.6375993544,13.2321490000,0.9729123950,0.9465586700,0.8959738526
1.670000,-1.9038690000,3.6247173190,13.1385778147,0.9718851924,0.9445608568,0.8921953243
1.680000,-1.9001198000,3.6104565459,13.0354151288,0.9707188129,0.9422951922,0.8879209020
1.690000,-1.8967288000,3.5975803168,12.9425866687,0.9696144104,0.9401521203,0.8838860675
1.700000,-1.8941758000,3.5879033879,12.8730711928,0.9686187983,0.9382224903,0.8802618690
1.710000,-1.8909488000,3.5756874361,12.7855416696,0.9676447988,0.9363364591,0.8767259743
1.720000,-1.8875748000,3.5629393752,12.6945476780,0.9664016128,0.9339322705,0.8722302084
1.730000,-1.8839052000,3.5490990543,12.5961076707,0.9652508020,0.9317091695,0.8680821950
1.740000,-1.8794362000,3.5322812108,12.4770215865,0.9637748003,0.9288619930,0.8627850748
1.750000,-1.8761060000,3.5197740971,12.3888149554,0.9624303937,0.9262723263,0.8579806580
1.760000,-1.8717682000,3.5035172183,12.2746472521,0.9610847950,0.9236841216,0.8531928677
1.770000,-1.8681330000,3.4899219512,12.1795698207,0.9597103953,0.9210442948,0.8483235210
1.780000,-1.8640206000,3.4745740433,12.0726820915,0.9583103895,0.9183590289,0.8433841367
1.790000,-1.8590762000,3.4561651002,11.9450880199,0.9566519976,0.9151831074,0.8375603502
1.800000,-1.8551750000,3.4416755641,11.8451483597,0.9552543879,0.9125111758,0.8326774865
1.810000,-1.8497714000,3.4216564585,11.7077633773,0.9532984018,0.9087784041,0.8258802269
1.820000,-1.8459984000,3.4077115510,11.6125178959,0.9521031976,0.9065006795,0.8217441373
1.830000,-1.8391392000,3.3824350532,11.4408947296,0.9494531989,0.9014616783,0.8126342451
1.840000,-1.8365296000,3.3728424210,11.3760855556,0.9482779980,0.8992313802,0.8086178622
1.850000,-1.8313188000,3.3537292223,11.2475087503,0.9466196060,0.8960887866,0.8029755008
1.860000,-1.8262390000,3.3351500095,11.1232405912,0.9447671890,0.8925852430,0.7967091359
1.870000,-1.8210726000,3.3163061284,10.9978958007,0.9429200053,0.8890982834,0.7904962800
1.880000,-1.8166968000,3.3003877567,10.8925658608,0.9411056042,0.8856797914,0.7844288106
1.890000,-1.8099660000,3.2759775010,10.7320361901,0.9381136060,0.8800572590,0.7745012064
1.900000,-1.8044890000,3.2561833293,10.6027660435,0.9361155987,0.8763130114,0.7679265875
1.910000,-1.7986376000,3.2351007395,10.4659223851,0.9336551905,0.8717127854,0.7598858670
1.920000,-1.7932764000,3.2158430192,10.3416819926,0.9316799879,0.8680283604,0.7534758752
1.930000,-1.7872156000,3.1941409448,10.2025535503,0.9290619969,0.8631565485,0.7450404510
1.940000,-1.7819940000,3.1755036935,10.0838373938,0.9269843936,0.8593003073,0.7383978474
1.950000,-1.7750082000,3.1506563246,9.9266631824,0.9241572022,0.8540669521,0.7294317857
1.960000,-1.7680126000,3.1258730775,9.7711390531,0.9208552003,0.8479757245,0.7190676612
1.970000,-1.7601106000,3.0979894816,9.5975407776,0.9174723983,0.8417557062,0.7085530212
1.980000,-1.7547682000,3.0792120350,9.4815541377,0.9155780077,0.8382833535,0.7027198699
1.990000,-1.7467528000,3.0511469753,9.3095177749,0.9117960095,0.8313722460,0.6911807524
2.000000,-1.7401078000,3.0279767957,9.1686633433,0.9082232118,0.8248697484,0.6804112433
2.010000,-1.7327202000,3.0023194861,9.0139246337,0.9052251816,0.8194331247,0.6714722704
2.020000,-1.7265410000,2.9809464387,8.8860728816,0.9022448063,0.8140464233,0.6626739664
2.030000,-1.7175422000,2.9499527878,8.7022400825,0.8980363965,0.8064696782,0.6503943382
2.040000,-1.7104704000,2.9257134884,8.5598521478,0.8946467876,0.8003943791,0.6406359864
2.050000,-1.7027210000,2.8992592988,8.4057102205,0.8903228045,0.7926749282,0.6283342775
2.060000,-1.6937742000,2.8688737058,8.2304669038,0.8859827995,0.7849657431,0.6161719148
2.070000,-1.6861052000,2.8429560489,8.0824594122,0.8812100053,0.7765343393,0.6030157189
2.080000,-1.6749156000,2.8053462331,7.8700119437,0.8754096031,0.7663428888,0.5872842292
2.090000,-1.6653694000,2.7734594216,7.6921236009,0.8698796034,0.7566916789,0.5725857896
2.100000,-1.6568774000,2.7452449044,7.5363935688,0.8653851986,0.7488928877,0.5608445913
2.110000,-1.6466944000,2.7116056737,7.3528403243,0.8588807940,0.7376777902,0.5441731593
2.120000,-1.6382980000,2.6840230123,7.2040082241,0.8546559930,0.7304386544,0.5335458500
2.130000,-1.6273014000,2.6481112783,7.0125085195,0.8468983889,0.7172376630,0.5144321091
2.140000,-1.6164568000,2.6129354994,6.8274623912,0.8406996012,0.7067768732,0.4995365299
2.150000,-1.6066330000,2.5812716584,6.6629846603,0.8331535935,0.6941458458,0.4818410529
2.160000,-1.5942204000,2.5415392605,6.4594276747,0.8246840000,0.6801049641,0.4625462014
2.170000,-1.5822700000,2.5035810273,6.2679447637,0.8170471907,0.6675682140,0.4456529388
2.180000,-1.5690634000,2.4619638053,6.0613037207,0.8066992044,0.6507663406,0.4235039576
2.190000,-1.5600836000,2.4338624699,5.9237024079,0.8002204061,0.6403553054,0.4100615892
2.200000,-1.5450958000,2.3873239667,5.6993437927,0.7877395988,0.6205426675,0.3850956087
2.210000,-1.5309612000,2.3438493501,5.4936967654,0.7744959950,0.5998473897,0.3598248969
2.220000,-1.5134682000,2.2905939092,5.2468930288,0.7571192026,0.5732340454,0.3286077320
2.230000,-1.5025722000,2.2577281389,5.0973808065,0.7429576159,0.5519874350,0.3046932564
2.240000,-1.4844528000,2.2036056655,4.8559268924,0.7234823942,0.5234340646,0.2739985359
2.250000,-1.4705460000,2.1625177124,4.6765878409,0.7089208007,0.5025894296,0.2526377018
2.260000,-1.4547628000,2.1163452291,4.4790054121,0.6880084038,0.4733850256,0.2241491017
2.270000,-1.4322554000,2.0513599170,4.2081134916,0.6551264048,0.4292549297,0.1843705525
2.280000,-1.4117268000,1.9929759364,3.9719800400,0.6200204015,0.3844529824,0.1478468355
2.290000,-1.3965846000,1.9504592174,3.8043744810,0.5950744033,0.3541542465,0.1254826881
2.300000,-1.3777938000,1.8983244826,3.6037022591,0.5685707927,0.3233082704,0.1045739999
2.310000,-1.3566812000,1.8405983283,3.3879087631,0.5284571886,0.2794019417,0.0782166477
2.320000,-1.3387292000,1.7922014483,3.2120259725,0.4896152079,0.2397629735,0.0575246946
2.330000,-1.3207480000,1.7443814164,3.0429092624,0.4484799922,0.2012778956,0.0406289206
2.340000,-1.2995532000,1.6888412170,2.8522028963,0.3934868038,0.1549214013,0.0240555022
2.350000,-1.2822922000,1.6442812205,2.7037128422,0.3344843984,0.1121358726,0.0126895988
2.360000,-1.2634406000,1.5962877115,2.5481699563,0.2720744073,0.0741244239,0.0055233556
2.370000,-1.2474062000,1.5560249047,2.4212301940,0.2079420000,0.0434077116,0.0019138292
2.380000,-1.2315584000,1.5167385659,2.3005109064,0.1485011995,0.0221877001,0.0005042618
2.390000,-1.2163844000,1.4796024963,2.1892915490,0.0986164004,0.0098571464,0.0001020642
2.400000,-1.2038044000,1.4491566105,2.1001222196,0.0689955994,0.0047632968,0.0000227448
2.410000,-1.1916892000,1.4201253478,2.0167684995,0.0578839995,0.0033850153,0.0000119010
2.420000,-1.1813866000,1.3956794498,1.9479498833,0.0455544002,0.0020867816,0.0000044504
2.430000,-1.1730774000,1.3761193508,1.8937526582,0.0308931995,0.0009726720,0.0000010175
2.440000,-1.1619458000,1.3501203358,1.8228373233,0.0114596002,0.0001458360,0.0000000319
2.450000,-1.1496604000,1.3217303190,1.7470306180,0.0223963998,0.0005032616,0.0000002567
2.460000,-1.1412158000,1.3023738732,1.6961796385,0.0139867999,0.0002053408,0.0000000507
2.470000,-1.1319630000,1.2813472071,1.6418864587,0.0034648000,0.0000195556,0.0000000011
2.480000,-1.1226448000,1.2603339129,1.5884545200,0.0034296000,0.0000190548,0.0000000008
2.490000,-1.1148148000,1.2428213316,1.5446510407,0.0027780000,0.0000126458,0.0000000005
2.500000,-1.1031962000,1.2170531047,1.4812729690,0.0083155998,0.0001001623,0.0000000214
2.510000,-1.0960436000,1.2013144792,1.4431704428,0.0066912000,0.0000573950,0.0000000063
2.520000,-1.0884818000,1.1847953567,1.4037529758,0.0025243999,0.0000146851,0.0000000009
2.530000,-1.0787256000,1.1636530342,1.3541075064,0.0032936000,0.0000172240,0.0000000008
2.540000,-1.0719014000,1.1489750327,1.3201547508,0.0048199999,0.0000326997,0.0000000022
2.550000,-1.0635700000,1.1311823090,1.2795786867,0.0127847999,0.0001768339,0.0000000388
2.560000,-1.0553818000,1.1138361460,1.2406549952,0.0055651999,0.0000463761,0.0000000038
2.570000,-1.0486364000,1.0996443174,1.2092440695,0.0064096000,0.0000615528,0.0000000072
2.580000,-1.0411588000,1.0840159456,1.1751092120,0.0020200000,0.0000057690,0.0000000001
2.590000,-1.0332698000,1.0676494710,1.1398881539,0.0040700000,0.0000188357,0.0000000005
2.600000,-1.0259914000,1.0526604014,1.1081025591,0.0050224001,0.0000347950,0.0000000021
2.610000,-1.0195554000,1.0394960699,1.0805639350,0.0044400000,0.0000354982,0.0000000042
2.620000,-1.0121898000,1.0245316437,1.0496792194,0.0036976000,0.0000208251,0.0000000012
2.630000,-1.0057456000,1.0115316637,1.0232265041,0.0039456000,0.0000248345,0.0000000014
2.640000,-0.9989084000,0.9978219109,0.9956642016,0.0048104000,0.0000337333,0.0000000024
2.650000,-0.9913862000,0.9828504195,0.9660099819,0.0033604000,0.0000146781,0.0000000003
2.660000,-0.9890050000,0.9781354822,0.9567669601,0.0012352000,0.0000024790,0.0000000000
2.670000,-0.9831874000,0.9666581528,0.9344306500,0.0072692001,0.0000645780,0.0000000068
2.680000,-0.9746242000,0.9498930569,0.9022995773,0.0032256000,0.0000193165,0.0000000013
2.690000,-0.9671956000,0.9354739455,0.8751362558,0.0026576000,0.0000108633,0.0000000003
2.700000,-0.9609866000,0.9234975056,0.8528560046,0.0052476001,0.0000424050,0.0000000047
2.710000,-0.9566764000,0.9152326998,0.8376617583,0.0030784000,0.0000129972,0.0000000004
2.720000,-0.9502832000,0.9030455079,0.8155177290,0.0031736000,0.0000120318,0.0000000002
2.730000,-0.9447052000,0.8924692412,0.7965060830,0.0101071999,0.0001199895,0.0000000213
2.740000,-0.9400110000,0.8836246197,0.7808063948,0.0049672001,0.0000307001,0.0000000019
2.750000,-0.9338410000,0.8720604379,0.7604943821,0.0029740000,0.0000102691,0.0000000001
2.760000,-0.9284984000,0.8621107743,0.7432401484,0.0029928000,0.0000171807,0.0000000011
2.770000,-0.9213316000,0.8488523419,0.7205517407,0.0036964000,0.0000179659,0.0000000005
2.780000,-0.9160268000,0.8391077965,0.7041109404,0.0030496000,0.0000149654,0.0000000005
2.790000,-0.9133048000,0.8341280335,0.6957774973,0.0036411999,0.0000168835,0.0000000006
2.800000,-0.9068468000,0.8223753003,0.6763148708,0.0022404000,0.0000090600,0.0000000003
2.810000,-0.9008898000,0.8116078033,0.6587246444,0.0039456000,0.0000208836,0.0000000009
2.820000,-0.8950620000,0.8011376064,0.6418266576,0.0030344000,0.0000127583,0.0000000003
2.830000,-0.8898760000,0.7918879279,0.6271137409,0.0040256000,0.0000182814,0.0000000005
2.840000,-0.8872028000,0.7871291327,0.6195732929,0.0043143999,0.0000262451,0.0000000014
2.850000,-0.8813936000,0.7768642633,0.6035478146,0.0041448001,0.0000199755,0.0000000006
2.860000,-0.8771156000,0.7693364012,0.5918927250,0.0029568000,0.0000113291,0.0000000003
2.870000,-0.8724000000,0.7610853396,0.5792617951,0.0053111999,0.0000411611,0.0000000038
2.880000,-0.8665804000,0.7509641764,0.5639549591,0.0032088001,0.0000140012,0.0000000004
2.890000,-0.8649762000,0.7481903060,0.5598081451,0.0027992000,0.0000093972,0.0000000001
2.900000,-0.8585618000,0.7371332128,0.5433796849,0.0040696000,0.0000182787,0.0000000004
2.910000,-0.8541362000,0.7295499490,0.5322469235,0.0022360000,0.0000093228,0.0000000002
2.920000,-0.8510150000,0.7242268044,0.5245052577,0.0044388000,0.0000235908,0.0000000009
2.930000,-0.8460768000,0.7158465222,0.5124378760,0.0045284001,0.0000317095,0.0000000019
2.940000,-0.8421036000,0.7091446600,0.5029037293,0.0051864001,0.0000313164,0.0000000014
2.950000,-0.8355514000,0.6981484853,0.4874178502,0.0035432000,0.0000146599,0.0000000003
2.960000,-0.8321516000,0.6924813974,0.4795446549,0.0060116000,0.0000435977,0.0000000030
2.970000,-0.8276588000,0.6850199692,0.4692547703,0.0050308000,0.0000337984,0.0000000018
2.980000,-0.8237578000,0.6785779545,0.4604708659,0.0021187999,0.0000087059,0.0000000002
2.990000,-0.8206266000,0.6734294340,0.4535110217,0.0012080000,0.0000024343,0.0000000000
3.000000,-0.8157704000,0.6654879873,0.4428919359,0.0031596001,0.0000112235,0.0000000002
