# Temp,E,E^2,E^4,M,M^2,M^4
1.500000,-1.9422363281,3.7722840463,14.2301584958,0.9832628131,0.9668059163,0.9347142861
1.510000,-1.9414143880,3.7690910859,14.2060666130,0.9831027627,0.9664912200,0.9341059664
1.520000,-1.9402845595,3.7647049002,14.1730139620,0.9828342080,0.9659631846,0.9330852767
1.530000,-1.9349148220,3.7438978630,14.0168085412,0.9810709596,0.9625004457,0.9264079470
1.540000,-1.9330607096,3.7367271468,13.9631811951,0.9805175781,0.9614150258,0.9243200239
1.550000,-1.9304755317,3.7267390777,13.8886332865,0.9799750447,0.9603514355,0.9222762124
1.560000,-1.9287177192,3.7199528483,13.8380612112,0.9791829228,0.9587992726,0.9192963373
1.570000,-1.9270765516,3.7136248349,13.7910212821,0.9788275957,0.9581035221,0.9179625889
1.580000,-1.9227430556,3.6969411604,13.6673784213,0.9773952961,0.9553016396,0.9126015082
1.590000,-1.9222981771,3.6952322940,13.6547714306,0.9772433758,0.9550048258,0.9120350200
1.600000,-1.9176432292,3.6773637928,13.5231257337,0.9758328080,0.9522507179,0.9067854264
1.610000,-1.9174750434,3.6767126250,13.5182463468,0.9752278686,0.9510695281,0.9045337511
1.620000,-1.9133382161,3.6608769484,13.4022221984,0.9744113445,0.9494791470,0.9015170238
1.630000,-1.9090237088,3.6443768093,13.2815594430,0.9733072877,0.9473276674,0.8974319499
1.640000,-1.9081448025,3.6410173756,13.2570190173,0.9729682088,0.9466672961,0.8961795785
1.650000,-1.9055664063,3.6311988919,13.1858313924,0.9718017578,0.9444005160,0.8918993570
1.660000,-1.9023763021,3.6190391593,13.0974960656,0.9709771037,0.9427969582,0.8888676977
1.670000,-1.8984130859,3.6039787305,12.9887562614,0.9698079348,0.9405282837,0.8845966635
1.680000,-1.8939575195,3.5870784315,12.8671796626,0.9681803465,0.9373737335,0.8786715795
1.690000,-1.8910617405,3.5761168975,12.7886462722,0.9672580242,0.9355883284,0.8753264296
1.700000,-1.8874850803,3.5626053946,12.6922350384,0.9661159873,0.9333806779,0.8712016423
1.710000,-1.8867648655,3.5598959009,12.6730618244,0.9658148885,0.9327998622,0.8701210462
1.720000,-1.8801459418,3.5349499647,12.4958882542,0.9635443807,0.9284178179,0.8619598095
1.730000,-1.8750664605,3.5158746487,12.3613804126,0.9619384885,0.9253256638,0.8562276145
1.740000,-1.8741997613,3.5126283671,12.3386088824,0.9617621541,0.9249870043,0.8556030409
1.750000,-1.8684434679,3.4910842032,12.1877137303,0.9596055746,0.9208433153,0.8479540927
1.760000,-1.8655205621,3.4801738578,12.1117059839,0.9587456584,0.9191940654,0.8449207730
1.770000,-1.8590006510,3.4558843971,11.9431504662,0.9561469078,0.9142170868,0.8357935307
1.780000,-1.8579115126,3.4518401164,11.9152682618,0.9561794758,0.9142800330,0.8359110621
1.790000,-1.8541965061,3.4380470887,11.8202009065,0.9543267131,0.9107398903,0.8294486592
1.800000,-1.8473415799,3.4126764325,11.6464358122,0.9521186113,0.9065306761,0.8218008634
1.810000,-1.8444200304,3.4018897215,11.5729145220,0.9513590455,0.9050845362,0.8191798370
1.820000,-1.8402099609,3.3863822789,11.4677145026,0.9489908814,0.9005862258,0.8110646681
1.830000,-1.8340467665,3.3637443379,11.3150019932,0.9471869588,0.8971657248,0.8049156337
1.840000,-1.8326470269,3.3586010631,11.2802809811,0.9468587160,0.8965424178,0.8037918570
1.850000,-1.8278984918,3.3412236820,11.1639199114,0.9445909262,0.8922539349,0.7961239259
1.860000,-1.8194769965,3.3105224975,10.9599032000,0.9412434936,0.8859457049,0.7849224519
1.870000,-1.8154812283,3.2959739442,10.8634686946,0.9403944373,0.8843419579,0.7820616187
1.880000,-1.8108059353,3.2790392548,10.7523762544,0.9377061605,0.8792965238,0.7731753491
1.890000,-1.8043904622,3.2558261374,10.6004194317,0.9352294922,0.8746547973,0.7650230935
1.900000,-1.8011528863,3.2441647903,10.5247745872,0.9335883260,0.8715888685,0.7596731003
1.910000,-1.7953382704,3.2232525663,10.3895256427,0.9323784709,0.8693315763,0.7557442160
1.920000,-1.7846544054,3.1850087377,10.1445015460,0.9280951738,0.8613662403,0.7419709890
1.930000,-1.7816908095,3.1744261581,10.0770324850,0.9266384602,0.8586598901,0.7373004336
1.940000,-1.7699123806,3.1326042999,9.8133908261,0.9209798217,0.8482056814,0.7194591486
1.950000,-1.7670505100,3.1224748059,9.7499400943,0.9200548053,0.8465028665,0.7165739543
1.960000,-1.7628390842,3.1076136048,9.6574112061,0.9181315064,0.8429678709,0.7106029348
1.970000,-1.7582994249,3.0916189760,9.5581339560,0.9163818359,0.8397576496,0.7051995558
1.980000,-1.7485270182,3.0573786448,9.3479546893,0.9118896365,0.8315482845,0.6914911491
1.990000,-1.7418755425,3.0341385029,9.2060947941,0.9100124836,0.8281235413,0.6857913178
2.000000,-1.7318060981,2.9991865511,8.9955284057,0.9047010660,0.8184921847,0.6699561151
2.010000,-1.7239244249,2.9719291456,8.8325262925,0.9012234092,0.8122056690,0.6596846572
2.020000,-1.7140502930,2.9380092494,8.6323778875,0.8951416016,0.8012850447,0.6420787222
2.030000,-1.7081190321,2.9176929960,8.5131931218,0.8921169639,0.7958824403,0.6334599409
2.040000,-1.7017428928,2.8959363860,8.3865346339,0.8889621377,0.7902582157,0.6245223735
2.050000,-1.6915310330,2.8612872125,8.1870789914,0.8842963338,0.7819861524,0.6115216098
2.060000,-1.6806423611,2.8245776910,7.9784527845,0.8785563111,0.7718711325,0.5958156401
2.070000,-1.6759616428,2.8088557711,7.8897645099,0.8742269039,0.7642776898,0.5841357454
2.080000,-1.6648640951,2.7717984115,7.6831539155,0.8675265789,0.7526172243,0.5664774502
2.090000,-1.6582234701,2.7497358251,7.5613839435,0.8629720092,0.7447308416,0.5546542171
2.100000,-1.6489935981,2.7192108586,7.3944442836,0.8605197430,0.7405018514,0.5483656150
2.110000,-1.6404866536,2.6912106957,7.2427680637,0.8555989504,0.7320598196,0.5359416523
2.120000,-1.6249403212,2.6404475314,6.9721375434,0.8410400510,0.7073530101,0.5003614220
2.130000,-1.6156765408,2.6104463740,6.8148032421,0.8322075605,0.6925773266,0.4796852624
2.140000,-1.6092068142,2.5895586883,6.7059398143,0.8330674887,0.6940017362,0.4816392307
2.150000,-1.5957967122,2.5465741002,6.4851105040,0.8222683311,0.6761263484,0.4571499210
2.160000,-1.5830674913,2.5061074232,6.2806219283,0.8126112223,0.6603442772,0.4360737470
2.170000,-1.5681193034,2.4590193831,6.0469852157,0.7985270143,0.6376735539,0.4066997119
2.180000,-1.5585083008,2.4289776950,5.9002198085,0.7924967527,0.6280635969,0.3944952386
2.190000,-1.5436469184,2.3828701054,5.6783015350,0.7774359941,0.6044342053,0.3654072280
2.200000,-1.5350206163,2.3563254858,5.5526200573,0.7797661662,0.6080467983,0.3697488803
2.210000,-1.5175564236,2.3030277627,5.3043970649,0.7628662109,0.5820065789,0.3388277557
2.220000,-1.5059814453,2.2679964040,5.1439554669,0.7535536051,0.5678597349,0.3225025701
2.230000,-1.4994886610,2.2484983484,5.0560346523,0.7483533978,0.5600437292,0.3136734541
2.240000,-1.4770657010,2.1818190472,4.7611697342,0.7234130979,0.5234774665,0.2743450468
2.250000,-1.4647216797,2.1454286553,4.6030277229,0.7032389402,0.4945964154,0.2447280693
2.260000,-1.4457967122,2.0903427732,4.3696551538,0.6774115682,0.4588944737,0.2105989082
2.270000,-1.4239501953,2.0276608804,4.1116245036,0.6430989504,0.4136592402,0.1712504621
2.280000,-1.4001831055,1.9605337207,3.8438572102,0.6109754801,0.3733326113,0.1394393439
2.290000,-1.3839857313,1.9154578448,3.6692960465,0.5665554523,0.3213584015,0.1037477038
2.300000,-1.3674601237,1.8699562161,3.4968039195,0.5400309205,0.2917034945,0.0851722704
2.310000,-1.3490831163,1.8201120189,3.3134391635,0.5102213562,0.2605612845,0.0681354663
2.320000,-1.3254082574,1.7567224229,3.0861816276,0.4580647826,0.2099706528,0.0442104772
2.330000,-1.3064195421,1.7067767518,2.9133923754,0.3966010213,0.1575029704,0.0249387287
2.340000,-1.2832560221,1.6467682807,2.7119929271,0.3492567241,0.1220771083,0.0149508839
2.350000,-1.2714409722,1.6165792086,2.6134385956,0.3123019755,0.0979847955,0.0097787334
2.360000,-1.2521253798,1.5678557034,2.4584076255,0.2396213084,0.0579088091,0.0034684526
2.370000,-1.2442993164,1.5482898575,2.3972575919,0.1784884989,0.0319605737,0.0010352413
2.380000,-1.2216023763,1.4923373519,2.2272205672,0.1336561441,0.0180252184,0.0003351815
2.390000,-1.2130276150,1.4714545820,2.1652874907,0.0982042104,0.0096570381,0.0000937327
2.400000,-1.2011488173,1.4428070669,2.0819728807,0.0626193568,0.0039871639,0.0000168598
2.410000,-1.1873074002,1.4097409129,1.9876070200,0.0323025182,0.0012285689,0.0000022241
2.420000,-1.1846856011,1.4034945144,1.9698786835,0.0162923179,0.0003887288,0.0000004160
2.430000,-1.1713975694,1.3722076311,1.8831486349,0.0193006729,0.0004571040,0.0000003083
2.440000,-1.1573364258,1.3394685359,1.7943957537,0.0115207249,0.0001503068,0.0000000307
2.450000,-1.1434204102,1.3074296763,1.7094738585,0.0080240887,0.0000738833,0.0000000084
2.460000,-1.1337470161,1.2854276055,1.6525571148,0.0067409937,0.0000752250,0.0000000166
2.470000,-1.1274427626,1.2711572327,1.6159933097,0.0268093530,0.0008940614,0.0000012492
2.480000,-1.1163764106,1.2463261249,1.5534770979,0.0486979172,0.0024170393,0.0000063209
2.490000,-1.1126722548,1.2380692531,1.5329633400,0.0440266930,0.0020426296,0.0000049536
2.500000,-1.0936197917,1.1960132754,1.4304908527,0.0220458986,0.0005423325,0.0000004175
2.510000,-1.0872992622,1.1822365988,1.3977637096,0.0141059027,0.0002374088,0.0000000841
2.520000,-1.0847520616,1.1766988224,1.3846755121,0.0075168185,0.0000694338,0.0000000081
2.530000,-1.0721110026,1.1494439230,1.3213225879,0.0290825734,0.0009585337,0.0000011772
2.540000,-1.0687567817,1.1422457692,1.3047469613,0.0213704427,0.0005741139,0.0000005474
2.550000,-1.0602213542,1.1240999852,1.2637379751,0.0134250218,0.0002595056,0.0000001484
2.560000,-1.0514119466,1.1054853030,1.2221783227,0.0177327471,0.0003287153,0.0000001250
2.570000,-1.0512546115,1.1052248009,1.2219164241,0.0090549044,0.0001236522,0.0000000313
2.580000,-1.0346842448,1.0705787491,1.1461700409,0.0096679687,0.0001458350,0.0000000625
2.590000,-1.0284111871,1.0576567281,1.1187527187,0.0120768226,0.0001705164,0.0000000446
2.600000,-1.0231011285,1.0467896756,1.0959917748,0.0284640845,0.0011454493,0.0000027350
2.610000,-1.0177666558,1.0358616618,1.0730620626,0.0290798614,0.0009366459,0.0000012004
2.620000,-1.0068237305,1.0137091263,1.0276672364,0.0119764541,0.0001856698,0.0000000578
2.630000,-1.0010810004,1.0021768576,1.0044132436,0.0069010417,0.0000828065,0.0000000222
2.640000,-0.9970174154,0.9941126663,0.9885335858,0.0115831163,0.0001558861,0.0000000313
2.650000,-0.9884819878,0.9771257377,0.9548886643,0.0157850480,0.0002954388,0.0000001093
2.660000,-0.9849053277,0.9700653370,0.9411307846,0.0099690757,0.0001081226,0.0000000147
2.670000,-0.9788479275,0.9581512537,0.9180844476,0.0165554474,0.0003290117,0.0000001657
2.680000,-0.9693088108,0.9395697928,0.8828298918,0.0120686847,0.0001713223,0.0000000523
2.690000,-0.9674099392,0.9358882080,0.8759100051,0.0180799697,0.0004416911,0.0000002929
2.700000,-0.9562717014,0.9145023190,0.8364866458,0.0077419706,0.0000667011,0.0000000056
2.710000,-0.9540866428,0.9103044192,0.8287381329,0.0143500433,0.0002435884,0.0000000819
2.720000,-0.9457153320,0.8943973777,0.8000176871,0.0120117187,0.0002256778,0.0000001177
2.730000,-0.9419447157,0.8872652744,0.7872589223,0.0067030165,0.0000517450,0.0000000036
2.740000,-0.9334391276,0.8713138029,0.7592058689,0.0168484162,0.0003488530,0.0000001735
2.750000,-0.9289808485,0.8630479779,0.7449990635,0.0140001085,0.0002570947,0.0000001298
2.760000,-0.9218655056,0.8498580252,0.7223333452,0.0068386502,0.0000503228,0.0000000034
2.770000,-0.9197658963,0.8460034368,0.7158371806,0.0140516493,0.0002334613,0.0000000782
2.780000,-0.9144056532,0.8361452657,0.6991642105,0.0109836153,0.0002184385,0.0000001393
2.790000,-0.9093004015,0.8268379912,0.6836967855,0.0091851129,0.0001116634,0.0000000209
2.800000,-0.9059366862,0.8207361998,0.6736567692,0.0071506077,0.0000620060,0.0000000063
2.810000,-0.8968926324,0.8044341980,0.6471716081,0.0057156033,0.0000508819,0.0000000080
2.820000,-0.8948838976,0.8008301513,0.6413705460,0.0109944661,0.0002054923,0.0000001351
2.830000,-0.8872111003,0.7871620627,0.6196823813,0.0171685111,0.0003099091,0.0000001117
2.840000,-0.8867390951,0.7863491624,0.6184791786,0.0139756943,0.0002482611,0.0000000997
2.850000,-0.8788045247,0.7723054385,0.5964805443,0.0096299913,0.0001375251,0.0000000419
2.860000,-0.8730929905,0.7623107265,0.5811768160,0.0088243274,0.0001071821,0.0000000189
2.870000,-0.8685831706,0.7545276610,0.5695864094,0.0067518446,0.0000726536,0.0000000126
2.880000,-0.8624430339,0.7438208840,0.5533078452,0.0100423179,0.0001534655,0.0000000561
2.890000,-0.8621975369,0.7433928415,0.5526574451,0.0041693793,0.0000214837,0.0000000007
2.900000,-0.8573974609,0.7351488427,0.5404979694,0.0074462892,0.0000719244,0.0000000091
2.910000,-0.8547458225,0.7306203563,0.5338942547,0.0044894748,0.0000305799,0.0000000016
2.920000,-0.8470852322,0.7175624435,0.5149218603,0.0049099392,0.0000355003,0.0000000026
2.930000,-0.8463311089,0.7162925015,0.5131210506,0.0074842664,0.0000690025,0.0000000094
2.940000,-0.8373345269,0.7011778373,0.4917855411,0.0111436632,0.0001972957,0.0000000868
2.950000,-0.8330132378,0.6939309514,0.4815956629,0.0134467231,0.0001955795,0.0000000490
2.960000,-0.8297281901,0.6884493803,0.4739639559,0.0062065973,0.0000519331,0.0000000046
2.970000,-0.8258477105,0.6820444323,0.4652390649,0.0042263456,0.0000260778,0.0000000018
2.980000,-0.8167209201,0.6670583632,0.4450347366,0.0077555338,0.0000942139,0.0000000161
2.990000,-0.8187527127,0.6703818887,0.4494812474,0.0059678819,0.0000458134,0.0000000033
3.000000,-0.8141493056,0.6628616754,0.4394454266,0.0122016059,0.0001800794,0.0000000642
