# Temp,E,E^2,E^4,M,M^2,M^4
1.500000,-1.9511400342,3.8069474388,14.4928488895,0.9865059972,0.9731940830,0.9471067252
1.510000,-1.9490888000,3.7989471572,14.4319996104,0.9859004617,0.9719997209,0.9447834599
1.520000,-1.9470020413,3.7908169590,14.3702933696,0.9852878928,0.9707922327,0.9424375628
1.530000,-1.9449102640,3.7826759509,14.3086375899,0.9846681952,0.9695714562,0.9400688146
1.540000,-1.9427345634,3.7742175922,14.2447185618,0.9840234399,0.9683021312,0.9376090212
1.550000,-1.9404739261,3.7654390616,14.1785313842,0.9833357573,0.9669492118,0.9349907792
1.560000,-1.9381211877,3.7563137420,14.1098929861,0.9826320648,0.9655657751,0.9323172674
1.570000,-1.9358350277,3.7474572647,14.0434361055,0.9819375515,0.9642013560,0.9296842589
1.580000,-1.9333571076,3.7378697106,13.9716700478,0.9811870337,0.9627279957,0.9268451966
1.590000,-1.9307816148,3.7279176459,13.8973700029,0.9804036856,0.9611913870,0.9238888836
1.600000,-1.9282525182,3.7181577775,13.8246973136,0.9796219110,0.9596590891,0.9209455689
1.610000,-1.9255955219,3.7079181196,13.7486568637,0.9787989855,0.9580474546,0.9178549275
1.620000,-1.9227832556,3.6970954556,13.6685149203,0.9779336095,0.9563541454,0.9146132548
1.630000,-1.9200558424,3.6866144430,13.5911261263,0.9770873070,0.9546996063,0.9114513416
1.640000,-1.9171491027,3.6754606865,13.5090113261,0.9761717200,0.9529112272,0.9080398079
1.650000,-1.9142286062,3.6642711589,13.4268831554,0.9752447486,0.9511023198,0.9045956234
1.660000,-1.9111773252,3.6525987695,13.3414777843,0.9742781043,0.9492178248,0.9010144798
1.670000,-1.9080787897,3.6407646812,13.2551676608,0.9732770801,0.9472682760,0.8973171922
1.680000,-1.9048668742,3.6285178151,13.1661416303,0.9722555041,0.9452807664,0.8935557312
1.690000,-1.9015825033,3.6160160281,13.0755720778,0.9711745858,0.9431800769,0.8895886601
1.700000,-1.8981336355,3.6029113081,12.9809700361,0.9700630307,0.9410222843,0.8855229425
1.710000,-1.8946479917,3.5896910241,12.8858818180,0.9689171076,0.9388003626,0.8813461256
1.720000,-1.8911927104,3.5766098730,12.7921382572,0.9677875638,0.9366127689,0.8772434799
1.730000,-1.8876263261,3.5631331593,12.6959180870,0.9665913820,0.9342989015,0.8729144438
1.740000,-1.8837473035,3.5485039077,12.5918800435,0.9652840853,0.9317733654,0.8682016049
1.750000,-1.8800219536,3.5344825511,12.4925669777,0.9640277028,0.9293494122,0.8636903317
1.760000,-1.8759877563,3.5193300652,12.3856841581,0.9626541972,0.9267031046,0.8587786484
1.770000,-1.8721009612,3.5047620429,12.2833574530,0.9613251328,0.9241460152,0.8540458728
1.780000,-1.8679308057,3.4891655022,12.1742760054,0.9598822236,0.9213738841,0.8489298375
1.790000,-1.8637390733,3.4735233380,12.0653644457,0.9584163427,0.9185618864,0.8437559405
1.800000,-1.8593019962,3.4570039373,11.9508765557,0.9568605781,0.9155821704,0.8382907274
1.810000,-1.8549210787,3.4407322410,11.8386388071,0.9553036332,0.9126050341,0.8328479572
1.820000,-1.8503594875,3.4238302424,11.7226136551,0.9536329031,0.9094157162,0.8270369532
1.830000,-1.8456254125,3.4063331675,11.6031057071,0.9519436836,0.9061967780,0.8211926049
1.840000,-1.8408873200,3.3888661267,11.4844136456,0.9502149105,0.9029083768,0.8152435393
1.850000,-1.8359010458,3.3705326571,11.3604904894,0.9483714223,0.8994083571,0.8089354017
1.860000,-1.8310356736,3.3526916495,11.2405414509,0.9465705514,0.8959958121,0.8028085075
1.870000,-1.8258190036,3.3336150404,11.1129893255,0.9446118236,0.8922914983,0.7961841216
1.880000,-1.8204893470,3.3141814806,10.9837991260,0.9425785065,0.8884542444,0.7893509570
1.890000,-1.8149640203,3.2940944083,10.8510581488,0.9404392123,0.8844259169,0.7822092198
1.900000,-1.8094145894,3.2739811796,10.7189530696,0.9382672191,0.8803453778,0.7750079961
1.910000,-1.8039476514,3.2542271501,10.5899946200,0.9361096978,0.8763013716,0.7679041123
1.920000,-1.7981327891,3.2332815500,10.4541098742,0.9337892771,0.8719624203,0.7603184843
1.930000,-1.7920953751,3.2116058976,10.3144132684,0.9313645005,0.8674398416,0.7524519090
1.940000,-1.7857905507,3.1890479259,10.1700271184,0.9287783980,0.8626293205,0.7441293718
1.950000,-1.7797274828,3.1674299313,10.0326126015,0.9262516975,0.8579422126,0.7360648588
1.960000,-1.7730674148,3.1437680945,9.8832782998,0.9234291911,0.8527214822,0.7271339643
1.970000,-1.7664707899,3.1204190640,9.7370152905,0.9206372857,0.8475730206,0.7183800548
1.980000,-1.7599709868,3.0974979168,9.5944938685,0.9177604079,0.8422841746,0.7094426587
1.990000,-1.7527650595,3.0721853687,9.4383231237,0.9146244764,0.8365379380,0.6997957388
2.000000,-1.7455030203,3.0467807980,9.2828732828,0.9113268018,0.8305165442,0.6897577455
2.010000,-1.7385780334,3.0226536188,9.1364353874,0.9081681252,0.8247693671,0.6802445864
2.020000,-1.7308540225,2.9958557469,8.9751528505,0.9045675039,0.8182424100,0.6695207751
2.030000,-1.7229817033,2.9686660217,8.8129788020,0.9008714676,0.8115694397,0.6586450809
2.040000,-1.7150249004,2.9413105613,8.6513096092,0.8969404817,0.8045023111,0.6472242371
2.050000,-1.7069517851,2.9136844486,8.4895576721,0.8929243207,0.7973138837,0.6357095607
2.060000,-1.6986511230,2.8854157278,8.3256249609,0.8887423277,0.7898629832,0.6238837160
2.070000,-1.6898492098,2.8555904361,8.1543977012,0.8842330456,0.7818681471,0.6113180128
2.080000,-1.6811126828,2.8261399328,7.9870678296,0.8796504259,0.7737849384,0.5987433370
2.090000,-1.6719190955,2.7953136757,7.8137809360,0.8745213985,0.7647878566,0.5849010166
2.100000,-1.6624416471,2.7637122815,7.6381061454,0.8691561818,0.7554325425,0.5706785504
2.110000,-1.6525496006,2.7309202745,7.4579265519,0.8634186864,0.7454919909,0.5557587943
2.120000,-1.6425841808,2.6980830577,7.2796550635,0.8575135708,0.7353297693,0.5407105908
2.130000,-1.6323061943,2.6644237204,7.0991559832,0.8511799097,0.7245074861,0.5249118146
2.140000,-1.6219099760,2.6305921891,6.9200175684,0.8447131276,0.7135406068,0.5091411651
2.150000,-1.6108374238,2.5947975899,6.7329785184,0.8374786615,0.7013711153,0.4919231447
2.160000,-1.5992201209,2.5575053588,6.5408373827,0.8294039726,0.6879116134,0.4732242153
2.170000,-1.5873499513,2.5196806352,6.3487982407,0.8207415938,0.6736178314,0.4537638613
2.180000,-1.5754014730,2.4818906410,6.1597894965,0.8117604375,0.6589564703,0.4342274893
2.190000,-1.5621301770,2.4402515576,5.9548361365,0.8011764050,0.6418855933,0.4120221552
2.200000,-1.5492223501,2.4000908778,5.7604457085,0.7905926824,0.6250385789,0.3906777041
2.210000,-1.5356245041,2.3581439375,5.5608552849,0.7787010670,0.6063783041,0.3677018170
2.220000,-1.5210983038,2.3137425366,5.3534275425,0.7652932405,0.5856800718,0.3430359807
2.230000,-1.5063117504,2.2689767259,5.1482702417,0.7503095150,0.5629699513,0.3169477484
2.240000,-1.4907572269,2.2223606245,4.9389180031,0.7340600967,0.5388549068,0.2903876520
2.250000,-1.4743600249,2.1737407632,4.7251774426,0.7152961731,0.5116607851,0.2618217039
2.260000,-1.4574656248,2.1242107305,4.5123110426,0.6944415212,0.4822667592,0.2326154637
2.270000,-1.4396062493,2.0724706721,4.2951721782,0.6696827412,0.4484994196,0.2011956938
2.280000,-1.4210506201,2.0193909933,4.0779895277,0.6426007509,0.4129676121,0.1705950176
2.290000,-1.4024380207,1.9668378576,3.8684941097,0.6123275042,0.3749891239,0.1406831605
2.300000,-1.3829539776,1.9125706378,3.6579948379,0.5769394040,0.3329319921,0.1109410294
2.310000,-1.3626888752,1.8569272423,3.4482254038,0.5373950720,0.2888696262,0.0835339011
2.320000,-1.3425839305,1.8025401802,3.2492129464,0.4937752843,0.2439250282,0.0596078680
2.330000,-1.3225654602,1.7491877677,3.0597164600,0.4449415684,0.1981082334,0.0393541501
2.340000,-1.3025855541,1.6967348327,2.8789478580,0.3925356448,0.1542130903,0.0238612509
2.350000,-1.2840477347,1.6487843384,2.7185277866,0.3382474124,0.1145707452,0.0131995817
2.360000,-1.2661867738,1.6032345784,2.5703972453,0.2817686856,0.0795572205,0.0063815084
2.370000,-1.2492532015,1.5606368812,2.4356082132,0.2268082500,0.0515894377,0.0026919925
2.380000,-1.2340139508,1.5227928167,2.3189124993,0.1758438706,0.0310398836,0.0009781942
2.390000,-1.2198690653,1.4880826059,2.2144021736,0.1296260834,0.0169113324,0.0002933420
2.400000,-1.2071401715,1.4571891879,2.1234107905,0.0905059814,0.0082607775,0.0000705311
2.410000,-1.1947550893,1.4274409074,2.0375943081,0.0599415660,0.0036290488,0.0000136943
2.420000,-1.1835057974,1.4006872899,1.9619322727,0.0374566793,0.0014281361,0.0000021819
2.430000,-1.1730785370,1.3761138016,1.8936922105,0.0199036300,0.0004026740,0.0000001726
2.440000,-1.1627861381,1.3520722249,1.8281026676,0.0114276528,0.0001319854,0.0000000182
2.450000,-1.1528012514,1.3289512628,1.7661143175,0.0046396792,0.0000241604,0.0000000008
2.460000,-1.1429325461,1.3062954400,1.7064110957,0.0009783030,0.0000011944,0.0000000000
2.470000,-1.1335060120,1.2848367279,1.6508097797,0.0020753443,0.0000045531,0.0000000000
2.480000,-1.1243184209,1.2640920647,1.5979295223,0.0019101441,0.0000040883,0.0000000000
2.490000,-1.1152883053,1.2438682688,1.5472095883,0.0003981531,0.0000002437,0.0000000000
2.500000,-1.1064450026,1.2242206595,1.4987167902,0.0006759346,0.0000005949,0.0000000000
2.510000,-1.0977093101,1.2049659824,1.4519442386,0.0011569262,0.0000014320,0.0000000000
2.520000,-1.0893935084,1.1867783175,1.4084432554,0.0005450904,0.0000003968,0.0000000000
2.530000,-1.0816606760,1.1699899050,1.3688767846,0.0010505021,0.0000017000,0.0000000000
2.540000,-1.0733053923,1.1519845769,1.3270689809,0.0009281874,0.0000013206,0.0000000000
2.550000,-1.0656646252,1.1356412163,1.2896815308,0.0003779173,0.0000002654,0.0000000000
2.560000,-1.0577879667,1.1189154961,1.2519723959,0.0002202332,0.0000000971,0.0000000000
2.570000,-1.0504604936,1.1034673050,1.2176403421,0.0011259913,0.0000013879,0.0000000000
2.580000,-1.0428818822,1.0876027125,1.1828800621,0.0003481746,0.0000001413,0.0000000000
2.590000,-1.0354639173,1.0721856226,1.1495824323,0.0003148794,0.0000001180,0.0000000000
2.600000,-1.0284139395,1.0576353738,1.1185931886,0.0008244395,0.0000008990,0.0000000000
2.610000,-1.0214129925,1.0432846672,1.0884435897,0.0003422856,0.0000001432,0.0000000000
2.620000,-1.0147753954,1.0297691482,1.0604246843,0.0006685853,0.0000005039,0.0000000000
2.630000,-1.0078357100,1.0157328687,1.0317134647,0.0005832791,0.0000003791,0.0000000000
2.640000,-1.0011477470,1.0022969115,1.0045995002,0.0003822744,0.0000002308,0.0000000000
2.650000,-0.9945298553,0.9890896695,0.9782985188,0.0007789850,0.0000007617,0.0000000000
2.660000,-0.9882322788,0.9766030562,0.9537536046,0.0004359305,0.0000002619,0.0000000000
2.670000,-0.9818323970,0.9639949357,0.9292865445,0.0012500346,0.0000017732,0.0000000000
2.680000,-0.9757567525,0.9521012422,0.9064967838,0.0006512344,0.0000005222,0.0000000000
2.690000,-0.9694882751,0.9399077516,0.8834274699,0.0006178677,0.0000005770,0.0000000000
2.700000,-0.9636090398,0.9285425481,0.8621918823,0.0005905807,0.0000004560,0.0000000000
2.710000,-0.9574198723,0.9166528509,0.8402525922,0.0005747318,0.0000003795,0.0000000000
2.720000,-0.9517078638,0.9057478904,0.8203793581,0.0001734197,0.0000000524,0.0000000000
2.730000,-0.9461668134,0.8952316760,0.8014398870,0.0006771863,0.0000004784,0.0000000000
2.740000,-0.9404330850,0.8844145097,0.7821894581,0.0008069396,0.0000007674,0.0000000000
2.750000,-0.9348403335,0.8739265365,0.7637478968,0.0003683448,0.0000001635,0.0000000000
2.760000,-0.9295930624,0.8641432893,0.7467437200,0.0004416406,0.0000002527,0.0000000000
2.770000,-0.9239032626,0.8535973183,0.7286286539,0.0005741477,0.0000004663,0.0000000000
2.780000,-0.9188464522,0.8442788179,0.7128067736,0.0002468944,0.0000001011,0.0000000000
2.790000,-0.9134671688,0.8344223354,0.6962608570,0.0004805505,0.0000002799,0.0000000000
2.800000,-0.9082988262,0.8250070257,0.6806374765,0.0006870270,0.0000005178,0.0000000000
2.810000,-0.9030525565,0.8155040354,0.6650472086,0.0004064441,0.0000002278,0.0000000000
2.820000,-0.8979787707,0.8063658797,0.6502259544,0.0002512276,0.0000001023,0.0000000000
2.830000,-0.8930567503,0.7975504367,0.6360869462,0.0002745330,0.0000002211,0.0000000000
2.840000,-0.8880272031,0.7885924838,0.6218786430,0.0002888501,0.0000001375,0.0000000000
2.850000,-0.8832158327,0.7800702317,0.6085096431,0.0003190637,0.0000001226,0.0000000000
2.860000,-0.8783924580,0.7715733593,0.5953256003,0.0002380729,0.0000000654,0.0000000000
2.870000,-0.8738396287,0.7635957764,0.5830787533,0.0001871467,0.0000000597,0.0000000000
2.880000,-0.8691248894,0.7553780930,0.5705961227,0.0002499998,0.0000001045,0.0000000000
2.890000,-0.8644271851,0.7472344215,0.5583594697,0.0002672195,0.0000001003,0.0000000000
2.900000,-0.8597726345,0.7392090000,0.5464299956,0.0003406167,0.0000001755,0.0000000000
2.910000,-0.8553180695,0.7315690067,0.5351932313,0.0003611326,0.0000001670,0.0000000000
2.920000,-0.8509166360,0.7240591630,0.5242617919,0.0003289044,0.0000001371,0.0000000000
2.930000,-0.8466977239,0.7168971307,0.5139417687,0.0003568172,0.0000001764,0.0000000000
2.940000,-0.8422073007,0.7093131612,0.5031252285,0.0002634823,0.0000001054,0.0000000000
2.950000,-0.8378769755,0.7020379371,0.4928575766,0.0005140841,0.0000003623,0.0000000000
2.960000,-0.8337655783,0.6951651036,0.4832546995,0.0001449049,0.0000000265,0.0000000000
2.970000,-0.8295251846,0.6881120602,0.4734982853,0.0001930416,0.0000000643,0.0000000000
2.980000,-0.8253974557,0.6812810258,0.4641440159,0.0002450943,0.0000001158,0.0000000000
2.990000,-0.8213106513,0.6745512309,0.4550194846,0.0004403412,0.0000002212,0.0000000000
3.000000,-0.8171854258,0.6677920241,0.4459461981,0.0002182245,0.0000000862,0.0000000000
